[0]
@Object_Recognized:socket
@Closest_Object:socket_14
@Error Euler (degree):1.77711 0.050429 11.3595
@Error Quaternion Axis:0.153635 0.019694 0.987931
@Error Quaternion Angle (degree):11.4965
@Error Translation:0.000138 -0.000432 -3e-06
@Error Translation Length:0.000453384
@Estimate_result:
-0.074577 0.948418 0.308126 0.0844987 
-0.942069 -0.168333 0.29012 0.0181196 
0.327023 -0.268639 0.906029 0.0820908 
0 0 0 1 
@Sensor_Pose(not sensor model):
0 0 0.8 4e-06 -0 -1e-06
@Object_Pose:
socket_0:-0.080256 -0.031919 0.047021 -0.949628 -0.238506 0.751972
socket_1:-0.02667 -0.041039 0.037457 -1.57091 -0.641918 1.22706
socket_2:0.05014 -0.036249 0.042394 4.8e-05 -0.000219 -1.25041
socket_3:-0.064371 -0.000571 0.045702 2.9897 -0.338369 -2.79622
socket_4:0.021621 -0.013288 0.037444 1.5708 1.30896 -0.359512
socket_5:0.063332 -0.000319 0.042421 3.14031 0.000167 1.96383
socket_6:-0.087561 0.03353 0.046514 1.00326 0.27409 -0.171062
socket_7:0.023195 0.053624 0.037459 1.57078 -0.043168 -3.07867
socket_8:0.058069 0.052213 0.041597 2.01735 -0.166333 0.049991
socket_9:-0.079538 -0.06256 0.064729 1.34414 0.456332 1.46958
socket_10:-0.039326 -0.055542 0.072069 -3.14076 -0.460986 0.970606
socket_11:0.087528 -0.057322 0.037455 -1.5708 1.31935 -3.13984
socket_12:-0.012831 -0.007975 0.047447 -0.916201 0.104971 -2.9401
socket_13:0.022995 -0.058229 0.042398 -3.14146 4.5e-05 -0.058342
socket_14:0.084926 0.018088 0.081944 -0.247061 -0.389593 -1.85306
socket_15:-0.042724 0.054827 0.044751 0.693361 1.04564 1.6224
socket_16:-0.010546 0.038528 0.046052 3.10244 0.537926 0.606543
socket_17:0.077855 0.051474 0.074103 -0.213025 -0.594925 0.143475
ground_plane:0 0 0 0 0 0
depth_sensor:0 0 0.8 -3e-06 1.57079 1.57079
table:-0.4 0.4 -0.35 0 0 0
smalltable:0 0.3 -0.35 0 0 0
fixer_ar07:-0.5 0 0 0 0 0
ar6aixs:-0.5 -0 0 -0 0 0
box:0 0 0 0 0 0
result_visualize_socket:-0.14 1 2 0 0 0

