[0]
@Object_Recognized:socket
@Closest_Object:socket_3
@Error Euler (degree):-0.220592 0.157336 122.304
@Error Quaternion Axis:-0.002433 -0.001169 0.999996
@Error Quaternion Angle (degree):122.304
@Error Translation:-0.000807 0.000445 8e-05
@Error Translation Length:0.000925561
@Estimate_result:
-0.975961 -0.217916 -0.00350801 -0.0671275 
0.217927 -0.97596 -0.00316839 -0.0165318 
-0.00273354 -0.00385682 0.999989 0.0424794 
0 0 0 1 
@Sensor_Pose(not sensor model):
0 0 0.8 4e-06 -0 -1e-06
@Object_Pose:
socket_0:-0.031528 -0.055398 0.037466 1.57075 0.742781 1.85029
socket_1:-0.031921 -0.009875 0.037424 1.57084 -0.114907 -2.93438
socket_2:0.016923 -0.052138 0.042668 -1.02838 1.04045 1.55005
socket_3:-0.066242 -0.016274 0.0424 1.4e-05 1e-06 0.787296
socket_4:0.005347 -0.00678 0.037395 -1.5709 0.491119 0.262608
socket_5:0.080153 -0.008199 0.042084 1.1299 1.00761 1.17353
socket_6:-0.079787 0.016193 0.037476 1.5708 1.1518 -1.2904
socket_7:-0.021587 0.061115 0.037404 -1.5708 -0.887526 1.55228
socket_8:0.080326 0.062486 0.041734 -0.104682 1.36118 -0.102968
ground_plane:0 0 0 0 0 0
depth_sensor:0 0 0.8 -3e-06 1.57079 1.57079
table:-0.4 0.4 -0.35 0 0 0
smalltable:0 0.3 -0.35 0 0 0
fixer_ar07:-0.5 0 0 0 0 0
ar6aixs:-0.5 -0 0 -0 -0 0
box:0 0 0 0 0 0
result_visualize_socket:-0.14 1 2 0 0 0

[1]
@Object_Recognized:socket
@Closest_Object:socket_2
@Error Euler (degree):0.145305 0.460522 93.7249
@Error Quaternion Axis:-0.00283 0.005034 0.999983
@Error Quaternion Angle (degree):93.7253
@Error Translation:-7.4e-05 -3.5e-05 0.000245
@Error Translation Length:0.000258222
@Estimate_result:
-0.524153 0.0218957 -0.851343 0.0167332 
-0.76296 -0.456207 0.458004 -0.0520364 
-0.37836 0.889604 0.255828 0.0428108 
0 0 0 1 
@Sensor_Pose(not sensor model):
0 0 0.8 4e-06 -0 -1e-06
@Object_Pose:
socket_0:-0.031528 -0.055398 0.037466 1.57075 0.742781 1.85029
socket_1:-0.031921 -0.009875 0.037424 1.57084 -0.114907 -2.93438
socket_2:0.016923 -0.052138 0.042668 -1.02838 1.04045 1.55005
socket_4:0.005347 -0.00678 0.037395 -1.5709 0.491119 0.262608
socket_5:0.080153 -0.008199 0.042084 1.1299 1.00761 1.17353
socket_6:-0.079787 0.016193 0.037476 1.5708 1.1518 -1.2904
socket_7:-0.021587 0.061115 0.037404 -1.5708 -0.887526 1.55228
socket_8:0.080326 0.062486 0.041734 -0.104682 1.36118 -0.102968
ground_plane:0 0 0 0 0 0
depth_sensor:0 0 0.8 -3e-06 1.57079 1.57079
table:-0.4 0.4 -0.35 0 0 0
smalltable:0 0.3 -0.35 0 0 0
fixer_ar07:-0.5 0 0 0 0 0
ar6aixs:-0.49985 -0.00031 5e-06 -0.002495 -0.001208 0.00147
box:0 0 0 0 0 0
result_visualize_socket:0.016733 -0.052036 0.042811 1.29078 0.388024 -2.17274

[2]
@Object_Recognized:socket
@Closest_Object:socket_5
@Error Euler (degree):-0.133688 0.532309 87.2922
@Error Quaternion Axis:-0.005868 0.003703 0.999976
@Error Quaternion Angle (degree):87.2942
@Error Translation:-0.000135 0.000154 0.000263
@Error Translation Length:0.000333159
@Estimate_result:
-0.0968288 -0.213212 0.972196 0.0803661 
0.89266 -0.450622 -0.00991896 -0.00813581 
0.440208 0.86688 0.233959 0.0423319 
0 0 0 1 
@Sensor_Pose(not sensor model):
0 0 0.8 4e-06 -0 -1e-06
@Object_Pose:
socket_0:-0.031528 -0.055398 0.037466 1.57075 0.742781 1.85029
socket_1:-0.031921 -0.009875 0.037424 1.57084 -0.114907 -2.93438
socket_4:0.005347 -0.00678 0.037395 -1.5709 0.491119 0.262608
socket_5:0.080153 -0.008199 0.042084 1.1299 1.00761 1.17353
socket_6:-0.079787 0.016193 0.037476 1.5708 1.1518 -1.2904
socket_7:-0.021587 0.061115 0.037404 -1.5708 -0.887526 1.55228
socket_8:0.080326 0.062486 0.041734 -0.104682 1.36118 -0.102968
ground_plane:0 0 0 0 0 0
depth_sensor:0 0 0.8 -3e-06 1.57079 1.57079
table:-0.4 0.4 -0.35 0 0 0
smalltable:0 0.3 -0.35 0 0 0
fixer_ar07:-0.5 0 0 0 0 0
ar6aixs:-0.49985 -0.00031 5e-06 -0.002496 -0.001208 0.001471
box:0 0 0 0 0 0
result_visualize_socket:0.080366 -0.008136 0.042332 1.30719 -0.45583 1.67885

[3]
@Object_Recognized:socket
@Closest_Object:socket_8
@Error Euler (degree):-0.512476 -0.196371 104.128
@Error Quaternion Axis:-0.001772 -0.005808 0.999982
@Error Quaternion Angle (degree):104.128
@Error Translation:-0.000179 -4.9e-05 0.000346
@Error Translation Length:0.000392581
@Estimate_result:
-0.046623 -0.209601 0.976675 0.0806276 
0.974753 -0.223282 -0.00138654 0.0624421 
0.218364 0.951952 0.21472 0.0419821 
0 0 0 1 
@Sensor_Pose(not sensor model):
0 0 0.8 4e-06 -0 -1e-06
@Object_Pose:
socket_0:-0.031528 -0.055398 0.037466 1.57075 0.742781 1.85029
socket_1:-0.031921 -0.009875 0.037424 1.57084 -0.114907 -2.93438
socket_4:0.005347 -0.00678 0.037395 -1.5709 0.491119 0.262608
socket_6:-0.079787 0.016193 0.037476 1.5708 1.1518 -1.2904
socket_7:-0.021587 0.061115 0.037404 -1.5708 -0.887526 1.55228
socket_8:0.080326 0.062486 0.041734 -0.104682 1.36118 -0.102968
ground_plane:0 0 0 0 0 0
depth_sensor:0 0 0.8 -3e-06 1.57079 1.57079
table:-0.4 0.4 -0.35 0 0 0
smalltable:0 0.3 -0.35 0 0 0
fixer_ar07:-0.5 0 0 0 0 0
ar6aixs:-0.499848 -0.000315 5e-06 -0.002535 -0.001223 0.001533
box:0 0 0 0 0 0
result_visualize_socket:0.080628 0.062442 0.041982 1.34895 -0.220138 1.61859

[4]
@Object_Recognized:socket
@Closest_Object:socket_1
@Error Euler (degree):11.6863 -5.48535 -128.569
@Error Quaternion Axis:-0.001373 0.124724 0.992191
@Error Quaternion Angle (degree):231.64
@Error Translation:-0.001027 0.002058 -0.000355
@Error Translation Length:0.00232719
@Estimate_result:
0.496334 -0.86435 -0.0809493 -0.0306188 
0.20199 0.0242936 0.979087 -0.00996353 
-0.844306 -0.502305 0.186647 0.0393504 
0 0 0 1 
@Sensor_Pose(not sensor model):
0 0 0.8 4e-06 -0 -1e-06
@Object_Pose:
socket_0:-0.031528 -0.055398 0.037466 1.57075 0.742781 1.85029
socket_1:-0.031921 -0.009875 0.037424 1.57084 -0.114907 -2.93438
socket_4:0.005347 -0.00678 0.037395 -1.5709 0.491119 0.262608
socket_6:-0.079787 0.016193 0.037476 1.5708 1.1518 -1.2904
socket_7:-0.021587 0.061115 0.037404 -1.5708 -0.887526 1.55228
ground_plane:0 0 0 0 0 0
depth_sensor:0 0 0.8 -3e-06 1.57079 1.57079
table:-0.4 0.4 -0.35 0 0 0
smalltable:0 0.3 -0.35 0 0 0
fixer_ar07:-0.5 0 0 0 0 0
ar6aixs:-0.499848 -0.000315 5e-06 -0.002535 -0.001223 0.001533
box:0 0 0 0 0 0
result_visualize_socket:-0.030619 -0.009964 0.03935 -1.21503 1.00527 0.386495

[5]
@Object_Recognized:socket
@Closest_Object:socket_4
@Error Euler (degree):1.80035 -3.65722 41.0045
@Error Quaternion Axis:0.073469 -0.069219 0.994892
@Error Quaternion Angle (degree):41.255
@Error Translation:-0.000343 -0.000683 0.000325
@Error Translation Length:0.000830599
@Estimate_result:
0.326578 -0.910802 -0.252563 0.00528178 
0.153768 -0.212456 0.964996 -0.00646055 
-0.932578 -0.353983 0.0706689 0.038159 
0 0 0 1 
@Sensor_Pose(not sensor model):
0 0 0.8 4e-06 -0 -1e-06
@Object_Pose:
socket_0:-0.031528 -0.055398 0.037466 1.57075 0.742781 1.85029
socket_4:0.005347 -0.00678 0.037395 -1.5709 0.491119 0.262608
socket_6:-0.079787 0.016193 0.037476 1.5708 1.1518 -1.2904
socket_7:-0.021587 0.061115 0.037404 -1.5708 -0.887526 1.55228
ground_plane:0 0 0 0 0 0
depth_sensor:0 0 0.8 -3e-06 1.57079 1.57079
table:-0.4 0.4 -0.35 0 0 0
smalltable:0 0.3 -0.35 0 0 0
fixer_ar07:-0.5 0 0 0 0 0
ar6aixs:-0.499848 -0.000315 5e-06 -0.002535 -0.001223 0.001534
box:0 0 0 0 0 0
result_visualize_socket:0.005282 -0.006461 0.038159 -1.37375 1.20149 0.440056

[6]
@Object_Recognized:socket
@Closest_Object:socket_7
@Error Euler (degree):-0.141869 -4.36595 118.844
@Error Quaternion Axis:0.037351 -0.023739 0.99902
@Error Quaternion Angle (degree):118.888
@Error Translation:0.000461 -0.000635 2.3e-05
@Error Translation Length:0.000785518
@Estimate_result:
-0.0691938 -0.0147004 -0.997496 -0.0216138 
0.374984 -0.92695 -0.0123509 0.060914 
-0.924446 -0.374899 0.0696515 0.0381631 
0 0 0 1 
@Sensor_Pose(not sensor model):
0 0 0.8 4e-06 -0 -1e-06
@Object_Pose:
socket_0:-0.031528 -0.055398 0.037466 1.57075 0.742781 1.85029
socket_6:-0.079787 0.016193 0.037476 1.5708 1.1518 -1.2904
socket_7:-0.021587 0.061115 0.037404 -1.5708 -0.887526 1.55228
ground_plane:0 0 0 0 0 0
depth_sensor:0 0 0.8 -3e-06 1.57079 1.57079
table:-0.4 0.4 -0.35 0 0 0
smalltable:0 0.3 -0.35 0 0 0
fixer_ar07:-0.5 0 0 0 0 0
ar6aixs:-0.499848 -0.000315 5e-06 -0.002535 -0.001223 0.001534
box:0 0 0 0 0 0
result_visualize_socket:-0.021614 0.060914 0.038163 -1.3871 1.17958 1.75327

[7]
@Object_Recognized:socket
@Closest_Object:socket_6
@Error Euler (degree):-0.33009 -0.40768 173.841
@Error Quaternion Axis:0.003403 -0.003072 0.999989
@Error Quaternion Angle (degree):173.84
@Error Translation:-0.00018 -1e-06 -5.8e-05
@Error Translation Length:0.000188984
@Estimate_result:
-0.0916514 -0.257882 -0.96182 -0.0797522 
0.292541 0.916291 -0.273552 0.01628 
0.951851 -0.306443 -0.00853824 0.0376396 
0 0 0 1 
@Sensor_Pose(not sensor model):
0 0 0.8 4e-06 -0 -1e-06
@Object_Pose:
socket_0:-0.031528 -0.055398 0.037466 1.57075 0.742781 1.85029
socket_6:-0.079787 0.016193 0.037476 1.5708 1.1518 -1.2904
ground_plane:0 0 0 0 0 0
depth_sensor:0 0 0.8 -3e-06 1.57079 1.57079
table:-0.4 0.4 -0.35 0 0 0
smalltable:0 0.3 -0.35 0 0 0
fixer_ar07:-0.5 0 0 0 0 0
ar6aixs:-0.499848 -0.000315 5e-06 -0.002536 -0.001223 0.001534
box:0 0 0 0 0 0
result_visualize_socket:-0.079752 0.01628 0.03764 -1.59865 -1.25922 1.87441

