[0]
@Object_Recognized:socket
@Closest_Object:socket_2
@Error Euler (degree):0.478905 -0.614935 4.15384
@Error Quaternion Axis:0.118466 -0.141242 0.982861
@Error Quaternion Angle (degree):4.22916
@Error Translation:6.6e-05 2.2e-05 0.000144
@Error Translation Length:0.000160078
@Estimate_result:
-0.525982 0.850452 0.00866129 0.0320603 
-0.514064 -0.326015 0.793379 -0.0355724 
0.677555 0.412851 0.608665 0.0477338 
0 0 0 1 
@Sensor_Pose(not sensor model):
0 0 0.8 4e-06 -0 -1e-06
@Object_Pose:
socket_0:-0.086996 -0.033661 0.044348 -2.27113 0.270945 2.84401
socket_1:-0.047314 -0.059722 0.0424 3e-06 3e-06 -1.92895
socket_2:0.03208 -0.035645 0.047592 0.633905 -0.694041 -2.43842
socket_3:-0.056217 -0.001995 0.037398 1.5708 1.47302 1.02811
socket_4:0.016614 -0.003165 0.037457 1.5708 1.23081 1.91323
socket_5:0.064637 -0.001167 0.037464 -1.57094 1.5262 -1.51342
socket_6:-0.077565 0.05534 0.037454 1.57079 0.842008 1.18075
socket_7:-0.024621 0.026669 0.042796 2.09871 0.018422 -3.13432
socket_8:0.079016 0.032733 0.044799 0.96703 -0.812008 1.80872
ground_plane:0 0 0 0 0 0
depth_sensor:0 0 0.8 -3e-06 1.57079 1.57079
table:-0.4 0.4 -0.35 0 0 0
smalltable:0 0.3 -0.35 0 0 0
fixer_ar07:-0.5 0 0 0 0 0
ar6aixs:-0.5 -0 0 -0 0 0
box:0 0 0 0 0 0
result_visualize_socket:-0.14 1 2 0 0 0

[1]
@Object_Recognized:socket
@Closest_Object:socket_8
@Error Euler (degree):0.710871 0.016389 -23.0578
@Error Quaternion Axis:0.030542 -0.0055 -0.999518
@Error Quaternion Angle (degree):23.0686
@Error Translation:9.4e-05 -4.4e-05 0.000369
@Error Translation Length:0.000383587
@Estimate_result:
0.0114893 -0.430475 0.90253 0.0793501 
0.895084 -0.397928 -0.201192 0.0327521 
0.44575 0.810151 0.380739 0.0449866 
0 0 0 1 
@Sensor_Pose(not sensor model):
0 0 0.8 4e-06 -0 -1e-06
@Object_Pose:
socket_0:-0.086996 -0.033661 0.044348 -2.27113 0.270945 2.84401
socket_1:-0.047314 -0.059722 0.0424 3e-06 3e-06 -1.92895
socket_3:-0.056217 -0.001995 0.037398 1.5708 1.47302 1.02811
socket_4:0.016614 -0.003165 0.037457 1.5708 1.23081 1.91323
socket_5:0.064637 -0.001167 0.037464 -1.57094 1.5262 -1.51342
socket_6:-0.077565 0.05534 0.037454 1.57079 0.842008 1.18075
socket_7:-0.024621 0.026669 0.042796 2.09871 0.018422 -3.13432
socket_8:0.079016 0.032733 0.044799 0.96703 -0.812008 1.80872
ground_plane:0 0 0 0 0 0
depth_sensor:0 0 0.8 -3e-06 1.57079 1.57079
table:-0.4 0.4 -0.35 0 0 0
smalltable:0 0.3 -0.35 0 0 0
fixer_ar07:-0.5 0 0 0 0 0
ar6aixs:-0.5 -0 0 -0 0 0
box:0 0 0 0 0 0
result_visualize_socket:0.07935 0.032752 0.044987 1.13147 -0.462012 1.55796

[2]
@Object_Recognized:socket
@Closest_Object:socket_0
@Error Euler (degree):0.288243 0.437892 -65.9937
@Error Quaternion Axis:0.007695 0.00337 -0.999965
@Error Quaternion Angle (degree):65.9966
@Error Translation:-7.8e-05 -0.00023 5.6e-05
@Error Translation Length:0.000248873
@Estimate_result:
-0.72564 -0.685331 -0.0613875 -0.0870155 
-0.387117 0.480381 -0.787003 -0.0338542 
0.568847 -0.547317 -0.613887 0.0445034 
0 0 0 1 
@Sensor_Pose(not sensor model):
0 0 0.8 4e-06 -0 -1e-06
@Object_Pose:
socket_0:-0.086996 -0.033661 0.044348 -2.27113 0.270945 2.84401
socket_1:-0.047314 -0.059722 0.0424 3e-06 3e-06 -1.92895
socket_3:-0.056217 -0.001995 0.037398 1.5708 1.47302 1.02811
socket_4:0.016614 -0.003165 0.037457 1.5708 1.23081 1.91323
socket_5:0.064637 -0.001167 0.037464 -1.57094 1.5262 -1.51342
socket_6:-0.077565 0.05534 0.037454 1.57079 0.842008 1.18075
socket_7:-0.024621 0.026669 0.042796 2.09871 0.018422 -3.13432
ground_plane:0 0 0 0 0 0
depth_sensor:0 0 0.8 -3e-06 1.57079 1.57079
table:-0.4 0.4 -0.35 0 0 0
smalltable:0 0.3 -0.35 0 0 0
fixer_ar07:-0.5 0 0 0 0 0
ar6aixs:-0.5 -0 0 -0 -0 -0
box:0 0 0 0 0 0
result_visualize_socket:-0.087015 -0.033854 0.044503 -2.41346 -0.605104 -2.65152

[3]
@Object_Recognized:socket
@Closest_Object:socket_7
@Error Euler (degree):-0.690602 -0.13424 4.08442
@Error Quaternion Axis:-0.165436 -0.038322 0.985476
@Error Quaternion Angle (degree):4.14353
@Error Translation:4.6e-05 0.000213 -0.000162
@Error Translation Length:0.000271268
@Estimate_result:
-0.99865 0.0516174 0.00595861 -0.0246715 
0.0306406 0.492398 0.869831 0.0266357 
0.0419644 0.868838 -0.493314 0.04306 
0 0 0 1 
@Sensor_Pose(not sensor model):
0 0 0.8 4e-06 -0 -1e-06
@Object_Pose:
socket_1:-0.047314 -0.059722 0.0424 3e-06 3e-06 -1.92895
socket_3:-0.056217 -0.001995 0.037398 1.5708 1.47302 1.02811
socket_4:0.016614 -0.003165 0.037457 1.5708 1.23081 1.91323
socket_5:0.064637 -0.001167 0.037464 -1.57094 1.5262 -1.51342
socket_6:-0.077565 0.05534 0.037454 1.57079 0.842008 1.18075
socket_7:-0.024621 0.026669 0.042796 2.09871 0.018422 -3.13432
ground_plane:0 0 0 0 0 0
depth_sensor:0 0 0.8 -3e-06 1.57079 1.57079
table:-0.4 0.4 -0.35 0 0 0
smalltable:0 0.3 -0.35 0 0 0
fixer_ar07:-0.5 0 0 0 0 0
ar6aixs:-0.5 -0 0 -3e-06 4e-06 2e-05
box:0 0 0 0 0 0
result_visualize_socket:-0.087015 -0.033854 0.044503 -2.41346 -0.605104 -2.65152

