[0]
@Object_Recognized:socket
@Closest_Object:socket_3
@Error Euler (degree):0.287611 -0.009275 94.426
@Error Quaternion Axis:0.002404 0.002435 0.999994
@Error Quaternion Angle (degree):94.4264
@Error Translation:0.00027 0.000437 7.1e-05
@Error Translation Length:0.000518454
@Estimate_result:
-0.78806 0.615591 -0.00295454 -0.0791592 
-0.615598 -0.788049 0.00405661 0.00975833 
0.000168867 0.00501579 0.999987 0.0424707 
0 0 0 1 
@Sensor_Pose(not sensor model):
0 0 0.8 4e-06 -0 -1e-06
@Object_Pose:
socket_0:-0.081157 -0.033812 0.037419 -1.57082 -0.508959 0.236691
socket_1:-0.041903 -0.029498 0.037398 1.57081 -1.0799 -3.05852
socket_2:0.048926 -0.062 0.037432 -1.5708 -1.05696 1.63572
socket_3:-0.078646 0.009775 0.0424 7e-06 -3e-06 2.15669
socket_4:-0.004559 -0.01592 0.037398 1.5708 -0.490874 0.51038
socket_5:0.085596 -0.035034 0.042861 1.24143 0.587544 0.118789
socket_6:-0.03137 0.049349 0.042399 7.7e-05 5e-06 -2.34648
socket_7:0.010371 0.043196 0.042393 3.14156 -3.1e-05 -3.07836
socket_8:0.050793 0.029318 0.037472 1.5708 0.0331 -2.62798
ground_plane:0 0 0 0 0 0
depth_sensor:0 0 0.8 -3e-06 1.57079 1.57079
table:-0.4 0.4 -0.35 0 0 0
smalltable:0 0.3 -0.35 0 0 0
fixer_ar07:-0.5 0 0 0 0 0
ar6aixs:-0.5 -0 0 -0 -0 0
box:0 0 0 0 0 0
result_visualize_socket:-0.079159 0.009758 0.042471 0.005016 -0.000169 -2.47845

[1]
@Object_Recognized:socket
@Closest_Object:socket_5
@Error Euler (degree):0.79787 -0.868735 -75.3592
@Error Quaternion Axis:0.001434 -0.016778 -0.999858
@Error Quaternion Angle (degree):75.361
@Error Translation:-0.000253 0.000248 0.000618
@Error Translation Length:0.000712677
@Estimate_result:
-0.253508 0.925564 0.281184 0.0856869 
-0.359833 0.179591 -0.915569 -0.0355317 
-0.897916 -0.333284 0.287521 0.043363 
0 0 0 1 
@Sensor_Pose(not sensor model):
0 0 0.8 4e-06 -0 -1e-06
@Object_Pose:
socket_0:-0.081157 -0.033812 0.037419 -1.57082 -0.508959 0.236691
socket_1:-0.041903 -0.029498 0.037398 1.57081 -1.0799 -3.05852
socket_2:0.048926 -0.062 0.037432 -1.5708 -1.05696 1.63572
socket_4:-0.004559 -0.01592 0.037398 1.5708 -0.490874 0.51038
socket_5:0.085596 -0.035034 0.042861 1.24143 0.587544 0.118789
socket_6:-0.03137 0.049349 0.042399 7.7e-05 5e-06 -2.34648
socket_7:0.010371 0.043196 0.042393 3.14156 -3.1e-05 -3.07836
socket_8:0.050793 0.029318 0.037472 1.5708 0.0331 -2.62798
ground_plane:0 0 0 0 0 0
depth_sensor:0 0 0.8 -3e-06 1.57079 1.57079
table:-0.4 0.4 -0.35 0 0 0
smalltable:0 0.3 -0.35 0 0 0
fixer_ar07:-0.5 0 0 0 0 0
ar6aixs:-0.5 -0 0 -0 0 0
box:0 0 0 0 0 0
result_visualize_socket:0.085687 -0.035532 0.043363 -0.858981 1.11501 -2.18455

[2]
@Object_Recognized:socket
@Closest_Object:socket_8
@Error Euler (degree):0.895642 -3.92981 -111.634
@Error Quaternion Axis:-0.028978 -0.031095 -0.999096
@Error Quaternion Angle (degree):111.651
@Error Translation:6.9e-05 0.000773 -0.000153
@Error Translation Length:0.000790742
@Estimate_result:
0.31323 -0.806491 -0.501458 0.0507861 
0.255384 -0.437047 0.862421 0.0291385 
-0.914695 -0.3982 0.0690686 0.0382421 
0 0 0 1 
@Sensor_Pose(not sensor model):
0 0 0.8 4e-06 -0 -1e-06
@Object_Pose:
socket_0:-0.081157 -0.033812 0.037419 -1.57082 -0.508959 0.236691
socket_1:-0.041903 -0.029498 0.037398 1.57081 -1.0799 -3.05852
socket_2:0.048926 -0.062 0.037432 -1.5708 -1.05696 1.63572
socket_4:-0.004559 -0.01592 0.037398 1.5708 -0.490874 0.51038
socket_6:-0.03137 0.049349 0.042399 7.7e-05 5e-06 -2.34648
socket_7:0.010371 0.043196 0.042393 3.14156 -3.1e-05 -3.07836
socket_8:0.050793 0.029318 0.037472 1.5708 0.0331 -2.62798
ground_plane:0 0 0 0 0 0
depth_sensor:0 0 0.8 -3e-06 1.57079 1.57079
table:-0.4 0.4 -0.35 0 0 0
smalltable:0 0.3 -0.35 0 0 0
fixer_ar07:-0.5 0 0 0 0 0
ar6aixs:-0.5 -0 0 -0 0 0
box:0 0 0 0 0 0
result_visualize_socket:0.085687 -0.035532 0.043363 -0.858981 1.11501 -2.18455

