[0]
@Object_Recognized:socket
@Closest_Object:socket_9
@Error Euler (degree):0.07828 -0.540242 101.477
@Error Quaternion Axis:0.005273 -0.00317 0.999981
@Error Quaternion Angle (degree):101.479
@Error Translation:0.000423 7.5e-05 -0.000179
@Error Translation Length:0.000465228
@Estimate_result:
-0.948098 0.207065 0.241319 -0.0405546 
-0.299446 -0.836715 -0.458521 -0.057398 
0.106971 -0.506984 0.855292 0.0860014 
0 0 0 1 
@Sensor_Pose(not sensor model):
0 0 0.8 4e-06 -0 -1e-06
@Object_Pose:
socket_0:-0.051239 -0.032528 0.045814 3.01853 -0.386296 -1.34758
socket_1:-0.008743 -0.037455 0.0424 3.14157 -2.6e-05 -0.994735
socket_2:0.062137 -0.048561 0.042433 -0.001803 -0.000535 0.944643
socket_3:-0.051639 0.005028 0.037466 -1.5709 -1.34009 1.25909
socket_4:-0.002865 0.001374 0.042404 0.000106 -0.0002 0.049342
socket_5:0.067211 -0.006767 0.037973 1.65575 -0.68491 -3.0582
socket_6:-0.087426 0.030139 0.037407 -1.5708 1.28218 3.12424
socket_7:0.028172 0.031589 0.037467 1.5708 -1.137 -1.40724
socket_8:0.081397 0.048881 0.042411 -0.000173 -0.000597 -0.153666
socket_9:-0.040434 -0.057843 0.085937 0.227469 -0.498729 1.58617
socket_10:-0.030487 0.017475 0.067127 -2.3977 0.843276 -0.772048
socket_11:0.087563 -0.046028 0.077269 -2.73245 1.38743 -1.15533
socket_12:-0.08716 -0.025566 0.037481 1.5708 -1.56543 -3.10164
socket_13:0.03069 -0.010027 0.044132 -1.20599 -0.235414 -0.582874
socket_14:0.081038 0.007534 0.068465 -1.74291 0.344309 -2.56151
socket_15:-0.031044 0.055389 0.042401 5.2e-05 5.1e-05 2.06315
socket_16:0.00428 0.060171 0.0424 3.14159 -5e-05 -2.16088
socket_17:0.039037 0.05406 0.065668 2.51798 0.77852 -2.45369
ground_plane:0 0 0 0 0 0
depth_sensor:0 0 0.8 -3e-06 1.57079 1.57079
table:-0.4 0.4 -0.35 0 0 0
smalltable:0 0.3 -0.35 0 0 0
fixer_ar07:-0.5 0 0 0 0 0
ar6aixs:-0.5 -0 0 -0 0 0
box:0 0 0 0 0 0
result_visualize_socket:-0.040555 -0.057398 0.086001 -0.53508 -0.107176 -2.83567

