[0]
@Object_Recognized:socket
@Closest_Object:socket_2
@Error Euler (degree):-0.54368 -0.524669 -76.7309
@Error Quaternion Axis:-0.010571 -0.001039 -0.999944
@Error Quaternion Angle (degree):76.7365
@Error Translation:-7.6e-05 -0.000112 0.000105
@Error Translation Length:0.000170886
@Estimate_result:
0.675549 0.737314 -0.00158292 0.0870404 
-0.397715 0.366204 0.84126 -0.0378409 
0.620852 -0.567683 0.540629 0.0470568 
0 0 0 1 
@Sensor_Pose(not sensor model):
0 0 0.8 4e-06 -0 -1e-06
@Object_Pose:
socket_0:-0.040674 -0.040942 0.037398 1.57075 1.07988 -0.216113
socket_1:0.030916 -0.043827 0.037398 1.57079 1.47256 2.94099
socket_2:0.087053 -0.037854 0.046887 -0.922673 0.41825 0.301251
socket_3:-0.074212 -0.010567 0.037397 1.57094 1.27085 2.24237
socket_4:-0.007417 -0.000664 0.037389 1.57157 -1.47291 -1.14301
socket_5:0.081301 0.001607 0.037475 1.55372 -1.56939 -1.49284
socket_6:-0.086065 0.033937 0.037398 -1.57081 -0.687268 0.184684
socket_7:-0.028907 0.033883 0.037398 1.5708 -0.490886 0.527112
socket_8:0.027388 0.015318 0.03746 -1.57086 -0.160013 -2.84614
ground_plane:0 0 0 0 0 0
depth_sensor:0 0 0.8 -3e-06 1.57079 1.57079
box:0 0 0 0 0 0
result_visualize_socket:0.08704 -0.037841 0.047057 -0.809803 -0.669829 -0.53209

[1]
@Object_Recognized:socket
@Closest_Object:socket_8
@Error Euler (degree):2.07211 2.91185 -41.6122
@Error Quaternion Axis:0.072642 0.048557 -0.996175
@Error Quaternion Angle (degree):41.8111
@Error Translation:0.000317 -0.00072 1.3e-05
@Error Translation Length:0.000787135
@Estimate_result:
-0.618897 -0.731283 0.286688 0.0272022 
-0.135309 -0.260273 -0.956006 0.0152474 
0.773729 -0.630462 0.0621336 0.0382222 
0 0 0 1 
@Sensor_Pose(not sensor model):
0 0 0.8 4e-06 -0 -1e-06
@Object_Pose:
socket_0:-0.040674 -0.040942 0.037398 1.57075 1.07988 -0.216113
socket_1:0.030916 -0.043827 0.037398 1.57079 1.47256 2.94099
socket_3:-0.074212 -0.010567 0.037397 1.57094 1.27085 2.24237
socket_4:-0.007417 -0.000664 0.037389 1.57157 -1.47291 -1.14301
socket_5:0.081301 0.001607 0.037475 1.55372 -1.56939 -1.49284
socket_6:-0.086065 0.033937 0.037398 -1.57081 -0.687268 0.184684
socket_7:-0.028907 0.033883 0.037398 1.5708 -0.490886 0.527112
socket_8:0.027388 0.015318 0.03746 -1.57086 -0.160013 -2.84614
ground_plane:0 0 0 0 0 0
depth_sensor:0 0 0.8 -3e-06 1.57079 1.57079
box:0 0 0 0 0 0
result_visualize_socket:0.027202 0.015247 0.038222 -1.47256 -0.884707 -2.92635

[2]
@Object_Recognized:socket
@Closest_Object:socket_5
@Error Euler (degree):0.856782 -3.8159 163.762
@Error Quaternion Axis:0.034357 0.002723 0.999406
@Error Quaternion Angle (degree):163.8
@Error Translation:0.000908 -0.000124 -0.000491
@Error Translation Length:0.0010397
@Estimate_result:
-0.0835084 0.043505 -0.995557 0.0817992 
0.275784 -0.959017 -0.0650412 0.0015116 
-0.957586 -0.27999 0.0680879 0.0383829 
0 0 0 1 
@Sensor_Pose(not sensor model):
0 0 0.8 4e-06 -0 -1e-06
@Object_Pose:
socket_0:-0.040674 -0.040942 0.037398 1.57075 1.07988 -0.216113
socket_1:0.030916 -0.043827 0.037398 1.57079 1.47256 2.94099
socket_3:-0.074212 -0.010567 0.037397 1.57094 1.27085 2.24237
socket_4:-0.007417 -0.000664 0.037389 1.57157 -1.47291 -1.14301
socket_5:0.081301 0.001607 0.037475 1.55372 -1.56939 -1.49284
socket_6:-0.086065 0.033937 0.037398 -1.57081 -0.687268 0.184684
socket_7:-0.028907 0.033883 0.037398 1.5708 -0.490886 0.527112
ground_plane:0 0 0 0 0 0
depth_sensor:0 0 0.8 -3e-06 1.57079 1.57079
box:0 0 0 0 0 0
result_visualize_socket:0.081799 0.001512 0.038383 -1.33225 1.2785 1.86482

[3]
@Object_Recognized:socket
@Closest_Object:socket_4
@Error Euler (degree):2.62719 -4.20852 164.313
@Error Quaternion Axis:0.039859 0.01785 0.999046
@Error Quaternion Angle (degree):164.424
@Error Translation:0.000781 0.000317 9.9e-05
@Error Translation Length:0.000849004
@Estimate_result:
-0.2172 0.345724 -0.912853 -0.00760588 
0.298981 -0.866668 -0.399371 -0.000487352 
-0.929212 -0.359669 0.0848758 0.0381978 
0 0 0 1 
@Sensor_Pose(not sensor model):
0 0 0.8 4e-06 -0 -1e-06
@Object_Pose:
socket_0:-0.040674 -0.040942 0.037398 1.57075 1.07988 -0.216113
socket_1:0.030916 -0.043827 0.037398 1.57079 1.47256 2.94099
socket_3:-0.074212 -0.010567 0.037397 1.57094 1.27085 2.24237
socket_4:-0.007417 -0.000664 0.037389 1.57157 -1.47291 -1.14301
socket_6:-0.086065 0.033937 0.037398 -1.57081 -0.687268 0.184684
socket_7:-0.028907 0.033883 0.037398 1.5708 -0.490886 0.527112
ground_plane:0 0 0 0 0 0
depth_sensor:0 0 0.8 -3e-06 1.57079 1.57079
box:0 0 0 0 0 0
result_visualize_socket:-0.007606 -0.000487 0.038198 -1.33905 1.19227 2.19907

[4]
@Object_Recognized:socket
@Closest_Object:socket_7
@Error Euler (degree):-0.597537 -1.44456 -136.94
@Error Quaternion Axis:0.014662 -0.000241 0.999892
@Error Quaternion Angle (degree):223.049
@Error Translation:0.000284 0.000216 0.000208
@Error Translation Length:0.000413383
@Estimate_result:
-0.26595 0.812725 0.518409 -0.0286744 
-0.183963 0.485104 -0.854887 0.0337782 
-0.946271 -0.322726 0.0204982 0.0377225 
0 0 0 1 
@Sensor_Pose(not sensor model):
0 0 0.8 4e-06 -0 -1e-06
@Object_Pose:
socket_0:-0.040674 -0.040942 0.037398 1.57075 1.07988 -0.216113
socket_1:0.030916 -0.043827 0.037398 1.57079 1.47256 2.94099
socket_3:-0.074212 -0.010567 0.037397 1.57094 1.27085 2.24237
socket_6:-0.086065 0.033937 0.037398 -1.57081 -0.687268 0.184684
socket_7:-0.028907 0.033883 0.037398 1.5708 -0.490886 0.527112
ground_plane:0 0 0 0 0 0
depth_sensor:0 0 0.8 -3e-06 1.57079 1.57079
box:0 0 0 0 0 0
result_visualize_socket:-0.028674 0.033778 0.037723 -1.50737 1.2415 -2.53644

[5]
@Object_Recognized:socket
@Closest_Object:socket_1
@Error Euler (degree):-0.06453 -0.38713 53.7133
@Error Quaternion Axis:0.002266 -0.007235 0.999971
@Error Quaternion Angle (degree):53.7144
@Error Translation:-0.000159 -3.2e-05 0.000216
@Error Translation Length:0.000270289
@Estimate_result:
-0.841607 -0.499925 0.204384 0.0310048 
0.178021 0.100502 0.978881 -0.0436253 
-0.509908 0.860217 0.00441441 0.0375532 
0 0 0 1 
@Sensor_Pose(not sensor model):
0 0 0.8 4e-06 -0 -1e-06
@Object_Pose:
socket_0:-0.040674 -0.040942 0.037398 1.57075 1.07988 -0.216113
socket_1:0.030916 -0.043827 0.037398 1.57079 1.47256 2.94099
socket_3:-0.074212 -0.010567 0.037397 1.57094 1.27085 2.24237
socket_6:-0.086065 0.033937 0.037398 -1.57081 -0.687268 0.184684
ground_plane:0 0 0 0 0 0
depth_sensor:0 0 0.8 -3e-06 1.57079 1.57079
box:0 0 0 0 0 0
result_visualize_socket:0.031005 -0.043625 0.037553 1.56567 0.535078 2.93314

[6]
@Object_Recognized:socket
@Closest_Object:socket_6
@Error Euler (degree):-0.052325 0.94846 114.858
@Error Quaternion Axis:-0.008568 0.004831 0.999952
@Error Quaternion Angle (degree):114.861
@Error Translation:-5e-06 -0.000136 0.00011
@Error Translation Length:0.000174847
@Estimate_result:
0.249456 -0.951437 -0.180395 -0.086174 
0.0297542 -0.178666 0.983461 0.0340289 
-0.96793 -0.250697 -0.0162601 0.0374991 
0 0 0 1 
@Sensor_Pose(not sensor model):
0 0 0.8 4e-06 -0 -1e-06
@Object_Pose:
socket_0:-0.040674 -0.040942 0.037398 1.57075 1.07988 -0.216113
socket_3:-0.074212 -0.010567 0.037397 1.57094 1.27085 2.24237
socket_6:-0.086065 0.033937 0.037398 -1.57081 -0.687268 0.184684
ground_plane:0 0 0 0 0 0
depth_sensor:0 0 0.8 -3e-06 1.57079 1.57079
box:0 0 0 0 0 0
result_visualize_socket:-0.086174 0.034029 0.037499 -1.63557 1.31685 0.118715

[7]
@Object_Recognized:socket
@Closest_Object:socket_0
@Error Euler (degree):-0.311877 -0.309844 50.8256
@Error Quaternion Axis:-0.003025 -0.008413 0.99996
@Error Quaternion Angle (degree):50.8265
@Error Translation:-0.000154 8e-06 -0.000467
@Error Translation Length:0.000491768
@Estimate_result:
0.957474 0.18836 -0.218551 -0.0406372 
-0.215703 -0.0357483 -0.975804 -0.0404722 
-0.191616 0.981449 0.00640172 0.0375375 
0 0 0 1 
@Sensor_Pose(not sensor model):
0 0 0.8 4e-06 -0 -1e-06
@Object_Pose:
socket_0:-0.040674 -0.040942 0.037398 1.57075 1.07988 -0.216113
socket_3:-0.074212 -0.010567 0.037397 1.57094 1.27085 2.24237
ground_plane:0 0 0 0 0 0
depth_sensor:0 0 0.8 -3e-06 1.57079 1.57079
box:0 0 0 0 0 0
result_visualize_socket:-0.040637 -0.040472 0.037538 1.56427 0.192808 -0.221584

[8]
@Object_Recognized:socket
@Closest_Object:socket_3
@Error Euler (degree):-1.2729 3.43545 135.461
@Error Quaternion Axis:-0.034513 0.001171 0.999404
@Error Quaternion Angle (degree):135.524
@Error Translation:-0.0005 0.000311 0.001375
@Error Translation Length:0.00149587
@Estimate_result:
-0.33221 0.53545 0.776486 -0.073229 
0.32183 -0.709488 0.62694 -0.00959466 
0.886602 0.458172 0.0633746 0.0379668 
0 0 0 1 
@Sensor_Pose(not sensor model):
0 0 0.8 4e-06 -0 -1e-06
@Object_Pose:
socket_3:-0.074212 -0.010567 0.037397 1.57094 1.27085 2.24237
ground_plane:0 0 0 0 0 0
depth_sensor:0 0 0.8 -3e-06 1.57079 1.57079
box:0 0 0 0 0 0
result_visualize_socket:-0.073229 -0.009595 0.037967 1.43335 -1.08994 2.37206

