[0]
@Object_Recognized:socket
@Closest_Object:socket_1
@Error Euler (degree):0.115582 -0.043939 -95.4234
@Error Quaternion Axis:0.000534 -0.001358 -0.999999
@Error Quaternion Angle (degree):95.4234
@Error Translation:6.3e-05 -8e-06 0.000288
@Error Translation Length:0.000295092
@Estimate_result:
0.831156 0.111889 -0.544665 -0.0350923 
-0.545045 0.357758 -0.758245 -0.0545596 
0.110019 0.927087 0.358338 0.044538 
0 0 0 1 
@Sensor_Pose(not sensor model):
0 0 0.8 4e-06 -0 -1e-06
@Object_Pose:
socket_0:-0.072001 -0.05182 0.041731 1.07115 1.12484 2.54891
socket_1:-0.034945 -0.054363 0.044375 -0.499953 -1.14775 1.48816
socket_2:0.082617 -0.05399 0.037615 -1.5907 -0.074276 0.249044
socket_3:-0.080402 -0.00646 0.037479 1.57071 -0.806119 -0.696985
socket_4:-0.007158 -0.003915 0.0424 2.1e-05 -2e-06 1.10555
socket_5:0.062941 -0.007771 0.037388 1.57085 1.0799 2.1639
socket_6:-0.070246 0.037988 0.042399 3e-06 -8.6e-05 1.90227
socket_7:-0.032583 0.042183 0.037407 -1.57068 -1.46064 -0.060113
socket_8:0.071406 0.04215 0.037439 -1.57098 -0.065427 0.819132
ground_plane:0 0 0 0 0 0
depth_sensor:0 0 0.8 -3e-06 1.57079 1.57079
box:0 0 0 0 0 0
result_visualize_socket:-0.035092 -0.05456 0.044538 1.20196 -0.110242 -0.580419

[1]
@Object_Recognized:socket
@Closest_Object:socket_0
@Error Euler (degree):0.393756 -0.121936 99.8864
@Error Quaternion Axis:0.003953 0.002541 0.999989
@Error Quaternion Angle (degree):99.8875
@Error Translation:-9.7e-05 0.000112 -8e-06
@Error Translation Length:0.000148271
@Estimate_result:
-0.849036 0.512076 0.130058 -0.0720718 
0.00497878 -0.2384 0.971154 -0.0518459 
0.528311 0.825193 0.199861 0.0418589 
0 0 0 1 
@Sensor_Pose(not sensor model):
0 0 0.8 4e-06 -0 -1e-06
@Object_Pose:
socket_0:-0.072001 -0.05182 0.041731 1.07115 1.12484 2.54891
socket_2:0.082617 -0.05399 0.037615 -1.5907 -0.074276 0.249044
socket_3:-0.080402 -0.00646 0.037479 1.57071 -0.806119 -0.696985
socket_4:-0.007158 -0.003915 0.0424 2.1e-05 -2e-06 1.10555
socket_5:0.062941 -0.007771 0.037388 1.57085 1.0799 2.1639
socket_6:-0.070246 0.037988 0.042399 3e-06 -8.6e-05 1.90227
socket_7:-0.032583 0.042183 0.037407 -1.57068 -1.46064 -0.060113
socket_8:0.071406 0.04215 0.037439 -1.57098 -0.065427 0.819132
ground_plane:0 0 0 0 0 0
depth_sensor:0 0 0.8 -3e-06 1.57079 1.57079
box:0 0 0 0 0 0
result_visualize_socket:-0.072072 -0.051846 0.041859 1.33317 -0.55661 3.13573

[2]
@Object_Recognized:socket
@Closest_Object:socket_2
@Error Euler (degree):-0.532617 -1.03092 71.7283
@Error Quaternion Axis:0.002567 -0.017091 0.999851
@Error Quaternion Angle (degree):71.7316
@Error Translation:-0.000144 -0.000273 4e-05
@Error Translation Length:0.000311378
@Estimate_result:
0.371481 -0.891287 -0.260018 0.0824472 
0.0935402 -0.242705 0.965579 -0.053987 
-0.923716 -0.383017 -0.00678921 0.0378762 
0 0 0 1 
@Sensor_Pose(not sensor model):
0 0 0.8 4e-06 -0 -1e-06
@Object_Pose:
socket_2:0.082617 -0.05399 0.037615 -1.5907 -0.074276 0.249044
socket_3:-0.080402 -0.00646 0.037479 1.57071 -0.806119 -0.696985
socket_4:-0.007158 -0.003915 0.0424 2.1e-05 -2e-06 1.10555
socket_5:0.062941 -0.007771 0.037388 1.57085 1.0799 2.1639
socket_6:-0.070246 0.037988 0.042399 3e-06 -8.6e-05 1.90227
socket_7:-0.032583 0.042183 0.037407 -1.57068 -1.46064 -0.060113
socket_8:0.071406 0.04215 0.037439 -1.57098 -0.065427 0.819132
ground_plane:0 0 0 0 0 0
depth_sensor:0 0 0.8 -3e-06 1.57079 1.57079
box:0 0 0 0 0 0
result_visualize_socket:0.082447 -0.053987 0.037876 -1.58852 1.17767 0.246676

[3]
@Object_Recognized:socket
@Closest_Object:socket_7
@Error Euler (degree):1.64629 0.8441 159.6
@Error Quaternion Axis:-0.004781 0.015691 0.999865
@Error Quaternion Angle (degree):159.591
@Error Translation:0.000101 -0.000224 -0.000363
@Error Translation Length:0.000438191
@Estimate_result:
0.242072 -0.965951 0.091323 -0.0328151 
-0.0292869 0.0868049 0.995795 0.0418336 
-0.969816 -0.243729 -0.00727675 0.037532 
0 0 0 1 
@Sensor_Pose(not sensor model):
0 0 0.8 4e-06 -0 -1e-06
@Object_Pose:
socket_3:-0.080402 -0.00646 0.037479 1.57071 -0.806119 -0.696985
socket_4:-0.007158 -0.003915 0.0424 2.1e-05 -2e-06 1.10555
socket_5:0.062941 -0.007771 0.037388 1.57085 1.0799 2.1639
socket_6:-0.070246 0.037988 0.042399 3e-06 -8.6e-05 1.90227
socket_7:-0.032583 0.042183 0.037407 -1.57068 -1.46064 -0.060113
socket_8:0.071406 0.04215 0.037439 -1.57098 -0.065427 0.819132
ground_plane:0 0 0 0 0 0
depth_sensor:0 0 0.8 -3e-06 1.57079 1.57079
box:0 0 0 0 0 0
result_visualize_socket:-0.032815 0.041834 0.037532 -1.60064 1.32448 -0.120399

[4]
@Object_Recognized:socket
@Closest_Object:socket_5
@Error Euler (degree):2.08885 -4.03308 -52.2942
@Error Quaternion Axis:0.001921 -0.089708 -0.995966
@Error Quaternion Angle (degree):52.4039
@Error Translation:-0.000713 0.000446 0.000348
@Error Translation Length:0.000910174
@Estimate_result:
0.286549 -0.480011 0.829144 0.0631975 
-0.299363 0.777242 0.553424 -0.00752858 
-0.910094 -0.406798 0.0790203 0.038227 
0 0 0 1 
@Sensor_Pose(not sensor model):
0 0 0.8 4e-06 -0 -1e-06
@Object_Pose:
socket_3:-0.080402 -0.00646 0.037479 1.57071 -0.806119 -0.696985
socket_4:-0.007158 -0.003915 0.0424 2.1e-05 -2e-06 1.10555
socket_5:0.062941 -0.007771 0.037388 1.57085 1.0799 2.1639
socket_6:-0.070246 0.037988 0.042399 3e-06 -8.6e-05 1.90227
socket_8:0.071406 0.04215 0.037439 -1.57098 -0.065427 0.819132
ground_plane:0 0 0 0 0 0
depth_sensor:0 0 0.8 -3e-06 1.57079 1.57079
box:0 0 0 0 0 0
result_visualize_socket:0.063197 -0.007529 0.038227 -1.37894 1.14351 -0.807265

[5]
@Object_Recognized:socket
@Closest_Object:socket_8
@Error Euler (degree):1.05974 -3.70721 69.0424
@Error Quaternion Axis:0.045708 -0.037719 0.998242
@Error Quaternion Angle (degree):69.1709
@Error Translation:3.3e-05 -0.000712 0.000409
@Error Translation Length:0.000822009
@Estimate_result:
0.237705 -0.634019 -0.735878 0.0710976 
0.348742 -0.651375 0.673863 0.0424194 
-0.906574 -0.416812 0.066274 0.038152 
0 0 0 1 
@Sensor_Pose(not sensor model):
0 0 0.8 4e-06 -0 -1e-06
@Object_Pose:
socket_3:-0.080402 -0.00646 0.037479 1.57071 -0.806119 -0.696985
socket_4:-0.007158 -0.003915 0.0424 2.1e-05 -2e-06 1.10555
socket_6:-0.070246 0.037988 0.042399 3e-06 -8.6e-05 1.90227
socket_8:0.071406 0.04215 0.037439 -1.57098 -0.065427 0.819132
ground_plane:0 0 0 0 0 0
depth_sensor:0 0 0.8 -3e-06 1.57079 1.57079
box:0 0 0 0 0 0
result_visualize_socket:0.071098 0.042419 0.038152 -1.41311 1.13509 0.972521

[6]
@Object_Recognized:socket
@Closest_Object:socket_3
@Error Euler (degree):-0.087862 0.063293 119.966
@Error Quaternion Axis:-0.000995 -0.000448 0.999999
@Error Quaternion Angle (degree):119.966
@Error Translation:0.000119 9.3e-05 0.000108
@Error Translation Length:0.000185843
@Estimate_result:
-0.743739 -0.182555 -0.643061 -0.080459 
0.62416 0.154767 -0.765816 -0.00655273 
0.239328 -0.970938 -0.00116288 0.0376293 
0 0 0 1 
@Sensor_Pose(not sensor model):
0 0 0.8 4e-06 -0 -1e-06
@Object_Pose:
socket_3:-0.080402 -0.00646 0.037479 1.57071 -0.806119 -0.696985
socket_4:-0.007158 -0.003915 0.0424 2.1e-05 -2e-06 1.10555
socket_6:-0.070246 0.037988 0.042399 3e-06 -8.6e-05 1.90227
ground_plane:0 0 0 0 0 0
depth_sensor:0 0 0.8 -3e-06 1.57079 1.57079
box:0 0 0 0 0 0
result_visualize_socket:-0.080459 -0.006553 0.037629 -1.57199 -0.241673 2.44339

[7]
@Object_Recognized:socket
@Closest_Object:socket_4
@Error Euler (degree):0.073286 0.172898 136.612
@Error Quaternion Axis:-0.001254 0.00124 0.999998
@Error Quaternion Angle (degree):136.612
@Error Translation:-0.000415 0.000458 1.2e-05
@Error Translation Length:0.000618208
@Estimate_result:
-0.939981 0.341211 -0.00308177 -0.00775107 
-0.341214 -0.939986 0.000198132 -0.00407719 
-0.00282934 0.00123767 0.999995 0.0424098 
0 0 0 1 
@Sensor_Pose(not sensor model):
0 0 0.8 4e-06 -0 -1e-06
@Object_Pose:
socket_4:-0.007155 -0.003912 0.042398 0.000159 0.000108 1.10547
socket_6:-0.070256 0.037988 0.042404 -0.00027 0.000107 1.90192
ground_plane:0 0 0 0 0 0
depth_sensor:0 0 0.8 -3e-06 1.57079 1.57079
box:0 0 0 0 0 0
result_visualize_socket:-0.007751 -0.004077 0.04241 0.001238 0.002829 -2.79338

