[0]
@Object_Recognized:socket
@Closest_Object:socket_1
@Error Euler (degree):-0.655015 -0.192867 -96.1907
@Error Quaternion Axis:-0.006812 0.004206 -0.999968
@Error Quaternion Angle (degree):96.1937
@Error Translation:-3.3e-05 0.000119 0.000184
@Error Translation Length:0.000222168
@Estimate_result:
0.941448 -0.0604253 0.331701 -0.0152405 
-0.284831 0.383889 0.878352 -0.0517609 
-0.180411 -0.9214 0.3442 0.0516121 
0 0 0 1 
@Sensor_Pose(not sensor model):
0 0 0.8 4e-06 -0 -1e-06
@Object_Pose:
socket_0:-0.083636 -0.03763 0.037482 1.57523 -0.263236 -0.424574
socket_1:-0.015197 -0.051937 0.051484 0.668154 1.10279 1.92793
socket_2:0.026337 -0.061736 0.037398 1.5708 -0.098185 1.56957
socket_3:-0.055662 -0.006199 0.03742 1.57227 1.4858 1.32863
socket_4:-0.013923 -0.007804 0.037427 1.57073 -1.06071 -0.497846
socket_5:0.071774 -0.014741 0.0424 3e-06 2e-06 -0.188466
socket_6:-0.087348 0.038269 0.037932 -1.77686 -1.26955 0.224972
socket_7:0.029597 0.005384 0.037398 -1.5708 -0.490865 -0.013197
socket_8:0.064252 0.027314 0.037398 -1.5708 -0.098138 0.173684
ground_plane:0 0 0 0 0 0
depth_sensor:0 0 0.8 -3e-06 1.57079 1.57079
box:0 0 0 0 0 0
result_visualize_socket:-0.01524 -0.051761 0.051612 -1.21329 0.181404 -0.29379

[1]
@Object_Recognized:socket
@Closest_Object:socket_5
@Error Euler (degree):0.440467 -0.294658 -2.66658
@Error Quaternion Axis:0.15952 -0.11218 -0.9808
@Error Quaternion Angle (degree):2.71853
@Error Translation:0.00021 -0.000167 0.000146
@Error Translation Length:0.000306091
@Estimate_result:
0.972499 0.232804 -0.00678992 0.0719491 
-0.232847 0.972493 -0.0062813 -0.0149444 
0.00514048 0.00769014 0.999957 0.0425463 
0 0 0 1 
@Sensor_Pose(not sensor model):
0 0 0.8 4e-06 -0 -1e-06
@Object_Pose:
socket_0:-0.083636 -0.03763 0.037482 1.57523 -0.263236 -0.424574
socket_2:0.026337 -0.061736 0.037398 1.5708 -0.098185 1.56957
socket_3:-0.055662 -0.006199 0.03742 1.57227 1.4858 1.32863
socket_4:-0.013923 -0.007804 0.037427 1.57073 -1.06071 -0.497846
socket_5:0.071774 -0.014741 0.0424 3e-06 2e-06 -0.188466
socket_6:-0.087348 0.038269 0.037932 -1.77686 -1.26955 0.224972
socket_7:0.029597 0.005384 0.037398 -1.5708 -0.490865 -0.013197
socket_8:0.064252 0.027314 0.037398 -1.5708 -0.098138 0.173684
ground_plane:0 0 0 0 0 0
depth_sensor:0 0 0.8 -3e-06 1.57079 1.57079
box:0 0 0 0 0 0
result_visualize_socket:0.071949 -0.014944 0.042546 0.00769 -0.005141 -0.235007

[2]
@Object_Recognized:socket
@Closest_Object:socket_4
@Error Euler (degree):1.7879 -4.34635 -171.075
@Error Quaternion Axis:0.0367 0.01855 0.999154
@Error Quaternion Angle (degree):188.985
@Error Translation:0.000788 0.000701 -0.001834
@Error Translation Length:0.00211514
@Estimate_result:
-0.340157 0.809469 -0.478595 -0.0132467 
0.0986114 -0.475433 -0.874208 -0.00608432 
-0.935185 -0.344563 0.0818989 0.0384571 
0 0 0 1 
@Sensor_Pose(not sensor model):
0 0 0.8 4e-06 -0 -1e-06
@Object_Pose:
socket_0:-0.083636 -0.03763 0.037482 1.57523 -0.263236 -0.424574
socket_2:0.026337 -0.061736 0.037398 1.5708 -0.098185 1.56957
socket_3:-0.055662 -0.006199 0.03742 1.57227 1.4858 1.32863
socket_4:-0.013923 -0.007804 0.037427 1.57073 -1.06071 -0.497846
socket_6:-0.087348 0.038269 0.037932 -1.77686 -1.26955 0.224972
socket_7:0.029597 0.005384 0.037398 -1.5708 -0.490865 -0.013197
socket_8:0.064252 0.027314 0.037398 -1.5708 -0.098138 0.173684
ground_plane:0 0 0 0 0 0
depth_sensor:0 0 0.8 -3e-06 1.57079 1.57079
box:0 0 0 0 0 0
result_visualize_socket:-0.013247 -0.006084 0.038457 -1.33744 1.20878 2.85943

[3]
@Object_Recognized:socket
@Closest_Object:socket_0
@Error Euler (degree):3.89522 -3.35025 -135.274
@Error Quaternion Axis:0.015243 0.046002 0.998825
@Error Quaternion Angle (degree):224.793
@Error Translation:0.000103 0.000823 -0.000111
@Error Translation Length:0.000836934
@Estimate_result:
-0.480184 0.761035 -0.436176 -0.0836962 
0.156365 -0.415025 -0.896273 -0.0374844 
-0.863119 -0.498579 0.0802891 0.0383044 
0 0 0 1 
@Sensor_Pose(not sensor model):
0 0 0.8 4e-06 -0 -1e-06
@Object_Pose:
socket_0:-0.083636 -0.03763 0.037482 1.57523 -0.263236 -0.424574
socket_2:0.026337 -0.061736 0.037398 1.5708 -0.098185 1.56957
socket_3:-0.055662 -0.006199 0.03742 1.57227 1.4858 1.32863
socket_6:-0.087348 0.038269 0.037932 -1.77686 -1.26955 0.224972
socket_7:0.029597 0.005384 0.037398 -1.5708 -0.490865 -0.013197
socket_8:0.064252 0.027314 0.037398 -1.5708 -0.098138 0.173684
ground_plane:0 0 0 0 0 0
depth_sensor:0 0 0.8 -3e-06 1.57079 1.57079
box:0 0 0 0 0 0
result_visualize_socket:-0.083696 -0.037484 0.038304 -1.41113 1.04141 2.82679

[4]
@Object_Recognized:socket
@Closest_Object:socket_8
@Error Euler (degree):2.97901 -3.64823 68.1909
@Error Quaternion Axis:0.069986 -0.020962 0.997328
@Error Quaternion Angle (degree):68.4283
@Error Translation:0.000263 -0.000812 0.000193
@Error Translation Length:0.000875026
@Estimate_result:
0.441849 -0.883486 -0.155631 0.0643989 
0.142126 -0.102353 0.984543 0.0275355 
-0.885759 -0.457139 0.0803418 0.0382314 
0 0 0 1 
@Sensor_Pose(not sensor model):
0 0 0.8 4e-06 -0 -1e-06
@Object_Pose:
socket_2:0.026337 -0.061736 0.037398 1.5708 -0.098185 1.56957
socket_3:-0.055662 -0.006199 0.03742 1.57227 1.4858 1.32863
socket_6:-0.087348 0.038269 0.037932 -1.77686 -1.26955 0.224972
socket_7:0.029597 0.005384 0.037398 -1.5708 -0.490865 -0.013197
socket_8:0.064252 0.027314 0.037398 -1.5708 -0.098138 0.173684
ground_plane:0 0 0 0 0 0
depth_sensor:0 0 0.8 -3e-06 1.57079 1.57079
box:0 0 0 0 0 0
result_visualize_socket:0.064399 0.027535 0.038231 -1.39682 1.08813 0.311209

[5]
@Object_Recognized:socket
@Closest_Object:socket_6
@Error Euler (degree):-1.74536 -0.769395 62.8754
@Error Quaternion Axis:-0.018197 -0.026207 0.999491
@Error Quaternion Angle (degree):62.8897
@Error Translation:8.5e-05 -2e-05 -0.001085
@Error Translation Length:0.00108836
@Estimate_result:
0.983021 0.180003 -0.0356316 -0.0873117 
0.0516525 -0.0851161 0.995032 0.0371916 
0.176076 -0.979977 -0.0929683 0.0380855 
0 0 0 1 
@Sensor_Pose(not sensor model):
0 0 0.8 4e-06 -0 -1e-06
@Object_Pose:
socket_2:0.026337 -0.061736 0.037398 1.5708 -0.098185 1.56957
socket_3:-0.055662 -0.006199 0.03742 1.57227 1.4858 1.32863
socket_6:-0.087348 0.038269 0.037932 -1.77686 -1.26955 0.224972
socket_7:0.029597 0.005384 0.037398 -1.5708 -0.490865 -0.013197
ground_plane:0 0 0 0 0 0
depth_sensor:0 0 0.8 -3e-06 1.57079 1.57079
box:0 0 0 0 0 0
result_visualize_socket:-0.087312 0.037192 0.038085 -1.66538 -0.176999 0.052497

[6]
@Object_Recognized:socket
@Closest_Object:socket_2
@Error Euler (degree):0.357167 -4.29923 -117.895
@Error Quaternion Axis:-0.035627 -0.025694 -0.999035
@Error Quaternion Angle (degree):117.93
@Error Translation:0.000158 0.000808 0.000126
@Error Translation Length:0.000832572
@Estimate_result:
0.0745025 0.00735066 0.997193 0.0264637 
-0.377981 0.925566 0.0214171 -0.0616579 
-0.922811 -0.378516 0.0717352 0.0382168 
0 0 0 1 
@Sensor_Pose(not sensor model):
0 0 0.8 4e-06 -0 -1e-06
@Object_Pose:
socket_2:0.026337 -0.061736 0.037398 1.5708 -0.098185 1.56957
socket_3:-0.055662 -0.006199 0.03742 1.57227 1.4858 1.32863
socket_7:0.029597 0.005384 0.037398 -1.5708 -0.490865 -0.013197
ground_plane:0 0 0 0 0 0
depth_sensor:0 0 0.8 -3e-06 1.57079 1.57079
box:0 0 0 0 0 0
result_visualize_socket:-0.087312 0.037192 0.038085 -1.66538 -0.176999 0.052497

[7]
@Object_Recognized:socket
@Closest_Object:socket_7
@Error Euler (degree):1.8141 -4.13202 96.9485
@Error Quaternion Axis:0.05 -0.016082 0.99862
@Error Quaternion Angle (degree):97.0925
@Error Translation:0.00041 -0.000736 -2.5e-05
@Error Translation Length:0.000843209
@Estimate_result:
0.361214 -0.932334 0.0166591 0.0296107 
0.0672938 0.0438822 0.996768 0.00535908 
-0.930052 -0.358926 0.0785912 0.0382403 
0 0 0 1 
@Sensor_Pose(not sensor model):
0 0 0.8 4e-06 -0 -1e-06
@Object_Pose:
socket_3:-0.055662 -0.006199 0.03742 1.57227 1.4858 1.32863
socket_7:0.029597 0.005384 0.037398 -1.5708 -0.490865 -0.013197
ground_plane:0 0 0 0 0 0
depth_sensor:0 0 0.8 -3e-06 1.57079 1.57079
box:0 0 0 0 0 0
result_visualize_socket:0.029611 0.005359 0.03824 -1.35524 1.19455 0.184185

[8]
@Object_Recognized:socket
@Closest_Object:socket_3
@Error Euler (degree):0.377979 -0.473472 -30.8824
@Error Quaternion Axis:0.007809 -0.018254 -0.999803
@Error Quaternion Angle (degree):30.8866
@Error Translation:-0.000284 0.0001 0.000172
@Error Translation Length:0.00034678
@Estimate_result:
-0.0978816 0.223144 0.969859 -0.0554769 
-0.427565 0.870585 -0.243454 -0.00616773 
-0.898669 -0.438508 0.010194 0.0377109 
0 0 0 1 
@Sensor_Pose(not sensor model):
0 0 0.8 4e-06 -0 -1e-06
@Object_Pose:
socket_3:-0.055662 -0.006199 0.03742 1.57227 1.4858 1.32863
ground_plane:0 0 0 0 0 0
depth_sensor:0 0 0.8 -3e-06 1.57079 1.57079
box:0 0 0 0 0 0
result_visualize_socket:-0.055477 -0.006168 0.037711 -1.54755 1.11673 -1.79585

[9]
@Object_Recognized:socket
@Closest_Object:socket_3
@Error Euler (degree):0.250926 -0.418109 139.352
@Error Quaternion Axis:0.00446 0.000838 0.99999
@Error Quaternion Angle (degree):139.353
@Error Translation:-0.000745 4.1e-05 0.000147
@Error Translation Length:0.000760943
@Estimate_result:
-0.586283 -0.810069 0.00780037 -0.069427 
0.810073 -0.586319 -0.00333087 -0.00637836 
0.00727164 0.00436667 0.999964 0.0425469 
0 0 0 1 
@Sensor_Pose(not sensor model):
0 0 0.8 4e-06 -0 -1e-06
@Object_Pose:
socket_0:-0.072265 -0.041292 0.042402 3.14134 -0.000216 0.109288
socket_1:-0.004393 -0.026239 0.037398 1.5708 -0.097842 0.383337
socket_2:0.040684 -0.053824 0.0424 6e-06 -2.8e-05 -2.02964
socket_3:-0.068711 -0.006592 0.0424 -7e-06 -2.8e-05 -0.234864
socket_4:-0.009785 0.018404 0.03741 1.5708 0.09073 -0.73958
socket_5:0.068794 0.001608 0.0424 1.9e-05 8e-06 -0.810533
socket_6:-0.063591 0.030066 0.037398 1.57076 -0.294578 0.843819
socket_7:-0.029881 0.058465 0.037398 1.57079 0.294495 1.97351
socket_8:0.051708 0.051178 0.042398 -3.14158 0.000155 1.0384
ground_plane:0 0 0 0 0 0
depth_sensor:0 0 0.8 -3e-06 1.57079 1.57079
box:0 0 0 0 0 0
result_visualize_socket:-0.069427 -0.006378 0.042547 0.004366 -0.007272 2.19728

