[0]
@Object_Recognized:socket
@Closest_Object:socket_4
@Error Euler (degree):0.012861 -0.070429 -122.657
@Error Quaternion Axis:0.000553 0.000448 1
@Error Quaternion Angle (degree):237.343
@Error Translation:-0.000243 -4.9e-05 0.000244
@Error Translation Length:0.000348197
@Estimate_result:
-0.642098 0.766623 0.000666274 0.000320916 
-0.766622 -0.642099 0.00107843 0.000280404 
0.00125485 0.000181462 1 0.042645 
0 0 0 1 
@Sensor_Pose(not sensor model):
0 0 0.8 4e-06 -0 -1e-06
@Object_Pose:
socket_0:-0.082158 -0.052121 0.040603 -2.72959 -1.1597 0.829863
socket_1:0.022399 -0.047369 0.037398 1.57075 -1.08001 0.431001
socket_2:0.073783 -0.062493 0.0424 -3.14159 -4e-06 -1.00544
socket_3:-0.070435 -0.001361 0.042398 0.000127 1.9e-05 -1.99296
socket_4:0.000568 0.000298 0.042401 2e-06 5e-05 -0.12726
socket_5:0.060651 -0.027288 0.037398 1.5708 -0.098164 -1.44783
socket_6:-0.047845 0.052309 0.044603 -2.53182 0.668524 1.81228
socket_7:-0.018311 0.034434 0.03748 1.57103 -0.999354 -0.400975
socket_8:0.072164 0.042578 0.042399 7.8e-05 1.1e-05 -2.86694
ground_plane:0 0 0 0 0 0
depth_sensor:0 0 0.8 -3e-06 1.57079 1.57079
table:-0.4 0.4 -0.35 0 0 0
smalltable:0 0.3 -0.35 0 0 0
fixer_ar07:-0.5 0 0 0 0 0
ar6aixs:-0.5 -0 0 -0 0 0
box:0 0 0 0 0 0
result_visualize_socket:0.000321 0.00028 0.042645 0.000182 -0.001255 -2.26803

[1]
@Object_Recognized:socket
@Closest_Object:socket_6
@Error Euler (degree):0.445365 0.349819 179.858
@Error Quaternion Axis:-0.003048 0.00389 0.999988
@Error Quaternion Angle (degree):179.856
@Error Translation:8e-06 -6e-06 -0.000423
@Error Translation Length:0.000423041
@Estimate_result:
0.192508 -0.883754 -0.42652 -0.0476686 
-0.758471 0.141778 -0.636098 0.0525826 
0.622625 0.445957 -0.643009 0.0448732 
0 0 0 1 
@Sensor_Pose(not sensor model):
0 0 0.8 4e-06 -0 -1e-06
@Object_Pose:
socket_0:-0.082158 -0.052121 0.040603 -2.72959 -1.1597 0.829863
socket_1:0.022399 -0.047369 0.037398 1.57075 -1.08001 0.431001
socket_2:0.073783 -0.062493 0.0424 -3.14159 -4e-06 -1.00544
socket_3:-0.070435 -0.001361 0.042398 0.000127 1.9e-05 -1.99296
socket_5:0.060651 -0.027288 0.037398 1.5708 -0.098164 -1.44783
socket_6:-0.047845 0.052309 0.044603 -2.53182 0.668524 1.81228
socket_7:-0.018311 0.034434 0.03748 1.57103 -0.999354 -0.400975
socket_8:0.072164 0.042578 0.042399 7.8e-05 1.1e-05 -2.86694
ground_plane:0 0 0 0 0 0
depth_sensor:0 0 0.8 -3e-06 1.57079 1.57079
table:-0.4 0.4 -0.35 0 0 0
smalltable:0 0.3 -0.35 0 0 0
fixer_ar07:-0.5 0 0 0 0 0
ar6aixs:-0.5 -0 0 -0 0 0
box:0 0 0 0 0 0
result_visualize_socket:-0.047669 0.052583 0.044873 2.53521 -0.672093 -1.32224

[2]
@Object_Recognized:socket
@Closest_Object:socket_0
@Error Euler (degree):0.183334 0.283775 56.1677
@Error Quaternion Axis:0.000522 0.006241 0.99998
@Error Quaternion Angle (degree):56.1682
@Error Translation:0.00013 7e-06 6.5e-05
@Error Translation Length:0.000144971
@Estimate_result:
0.916252 0.291202 0.275108 -0.082099 
-0.129023 -0.435632 0.89083 -0.0520274 
0.379257 -0.85172 -0.361576 0.0406974 
0 0 0 1 
@Sensor_Pose(not sensor model):
0 0 0.8 4e-06 -0 -1e-06
@Object_Pose:
socket_0:-0.082158 -0.052121 0.040603 -2.72959 -1.1597 0.829863
socket_1:0.022399 -0.047369 0.037398 1.57075 -1.08001 0.431001
socket_2:0.073783 -0.062493 0.0424 -3.14159 -4e-06 -1.00544
socket_3:-0.070435 -0.001361 0.042398 0.000127 1.9e-05 -1.99296
socket_5:0.060651 -0.027288 0.037398 1.5708 -0.098164 -1.44783
socket_7:-0.018311 0.034434 0.03748 1.57103 -0.999354 -0.400975
socket_8:0.072164 0.042578 0.042399 7.8e-05 1.1e-05 -2.86694
ground_plane:0 0 0 0 0 0
depth_sensor:0 0 0.8 -3e-06 1.57079 1.57079
table:-0.4 0.4 -0.35 0 0 0
smalltable:0 0.3 -0.35 0 0 0
fixer_ar07:-0.5 0 0 0 0 0
ar6aixs:-0.5 3e-06 0 2.8e-05 1e-06 -7e-06
box:0 0 0 0 0 0
result_visualize_socket:-0.082099 -0.052027 0.040697 -1.97226 -0.388993 -0.139896

[3]
@Object_Recognized:socket
@Closest_Object:socket_7
@Error Euler (degree):3.81766 -2.94219 -175.249
@Error Quaternion Axis:0.024278 0.034364 0.999114
@Error Quaternion Angle (degree):184.845
@Error Translation:0.000648 0.000844 -1.3e-05
@Error Translation Length:0.00106417
@Estimate_result:
-0.451545 0.786809 -0.420761 -0.0186377 
0.1357 -0.405529 -0.903954 0.0345858 
-0.881869 -0.465273 0.0763439 0.0384815 
0 0 0 1 
@Sensor_Pose(not sensor model):
0 0 0.8 4e-06 -0 -1e-06
@Object_Pose:
socket_1:0.022399 -0.047369 0.037398 1.57075 -1.08001 0.431001
socket_2:0.073783 -0.062493 0.0424 -3.14159 -4e-06 -1.00544
socket_3:-0.070435 -0.001361 0.042398 0.000127 1.9e-05 -1.99296
socket_5:0.060651 -0.027288 0.037398 1.5708 -0.098164 -1.44783
socket_7:-0.018311 0.034434 0.03748 1.57103 -0.999354 -0.400975
socket_8:0.072164 0.042578 0.042399 7.8e-05 1.1e-05 -2.86694
ground_plane:0 0 0 0 0 0
depth_sensor:0 0 0.8 -3e-06 1.57079 1.57079
table:-0.4 0.4 -0.35 0 0 0
smalltable:0 0.3 -0.35 0 0 0
fixer_ar07:-0.5 0 0 0 0 0
ar6aixs:-0.5 3e-06 0 2.8e-05 2e-06 -8e-06
box:0 0 0 0 0 0
result_visualize_socket:-0.082099 -0.052027 0.040697 -1.97226 -0.388993 -0.139896

