[0]
@Object_Recognized:socket
@Closest_Object:socket_6
@Error Euler (degree):0.460885 0.077254 -149.537
@Error Quaternion Axis:-0.001769 0.003838 0.999991
@Error Quaternion Angle (degree):210.462
@Error Translation:-0.000823 -6.6e-05 0.000338
@Error Translation Length:0.000892286
@Estimate_result:
-0.955973 0.293432 -0.00365793 -0.0604587 
-0.293452 -0.955947 0.00732324 0.0593731 
-0.00134824 0.00807442 0.999967 0.0427383 
0 0 0 1 
@Sensor_Pose(not sensor model):
0 0 0.8 4e-06 -0 -1e-06
@Object_Pose:
socket_0:-0.04885 -0.040047 0.037416 -1.57073 -0.305585 2.16222
socket_1:-0.018178 -0.062596 0.046438 1.01251 0.248554 -1.72332
socket_2:0.018632 -0.016536 0.037455 1.57079 -0.543183 2.83862
socket_3:-0.081145 -0.020544 0.047946 0.809871 -0.21634 -0.701576
socket_4:-0.01446 -0.005265 0.042406 3.14111 3e-05 0.868743
socket_5:0.062682 -0.008943 0.037388 1.57029 -1.47266 -2.26631
socket_6:-0.059643 0.059246 0.0424 -2.6e-05 -1.5e-05 -0.233838
socket_7:-0.023087 0.036723 0.037403 1.5708 -0.684078 0.869429
socket_8:0.022608 0.025712 0.03745 1.5708 -1.31416 1.15251
ground_plane:0 0 0 0 0 0
depth_sensor:0 0 0.8 -3e-06 1.57079 1.57079
box:0 0 0 0 0 0
result_visualize_socket:-0.060459 0.059373 0.042738 0.008074 0.001348 -2.84376

[1]
@Object_Recognized:socket
@Closest_Object:socket_3
@Error Euler (degree):0.252449 -0.488679 24.1034
@Error Quaternion Axis:0.014579 -0.017766 0.999736
@Error Quaternion Angle (degree):24.1107
@Error Translation:1.7e-05 0.000126 4.6e-05
@Error Translation Length:0.000135445
@Estimate_result:
0.809266 -0.00936741 -0.587367 -0.0811178 
-0.323223 0.827812 -0.458534 -0.0204968 
0.490525 0.560927 0.666893 0.0480704 
0 0 0 1 
@Sensor_Pose(not sensor model):
0 0 0.8 4e-06 -0 -1e-06
@Object_Pose:
socket_0:-0.04885 -0.040047 0.037416 -1.57073 -0.305585 2.16222
socket_1:-0.018178 -0.062596 0.046438 1.01251 0.248554 -1.72332
socket_2:0.018632 -0.016536 0.037455 1.57079 -0.543183 2.83862
socket_3:-0.081145 -0.020544 0.047946 0.809871 -0.21634 -0.701576
socket_4:-0.01446 -0.005265 0.042406 3.14111 3e-05 0.868743
socket_5:0.062682 -0.008943 0.037388 1.57029 -1.47266 -2.26631
socket_7:-0.023087 0.036723 0.037403 1.5708 -0.684078 0.869429
socket_8:0.022608 0.025712 0.03745 1.5708 -1.31416 1.15251
ground_plane:0 0 0 0 0 0
depth_sensor:0 0 0.8 -3e-06 1.57079 1.57079
box:0 0 0 0 0 0
result_visualize_socket:-0.081118 -0.020497 0.04807 0.699307 -0.512692 -0.379991

[2]
@Object_Recognized:socket
@Closest_Object:socket_1
@Error Euler (degree):-0.593199 0.139812 176.456
@Error Quaternion Axis:-0.00138 -0.005139 0.999986
@Error Quaternion Angle (degree):176.457
@Error Translation:-9.2e-05 -2.2e-05 7.7e-05
@Error Translation Length:0.000122034
@Estimate_result:
0.179478 -0.472934 -0.862625 -0.0182422 
0.938461 0.345335 0.00592693 -0.062502 
0.295092 -0.810604 0.505809 0.0464825 
0 0 0 1 
@Sensor_Pose(not sensor model):
0 0 0.8 4e-06 -0 -1e-06
@Object_Pose:
socket_0:-0.04885 -0.040047 0.037416 -1.57073 -0.305585 2.16222
socket_1:-0.018178 -0.062596 0.046438 1.01251 0.248554 -1.72332
socket_2:0.018632 -0.016536 0.037455 1.57079 -0.543183 2.83862
socket_4:-0.01446 -0.005265 0.042406 3.14111 3e-05 0.868743
socket_5:0.062682 -0.008943 0.037388 1.57029 -1.47266 -2.26631
socket_7:-0.023087 0.036723 0.037403 1.5708 -0.684078 0.869429
socket_8:0.022608 0.025712 0.03745 1.5708 -1.31416 1.15251
ground_plane:0 0 0 0 0 0
depth_sensor:0 0 0.8 -3e-06 1.57079 1.57079
box:0 0 0 0 0 0
result_visualize_socket:-0.018242 -0.062502 0.046482 -1.01292 -0.299551 1.38183

[3]
@Object_Recognized:socket
@Closest_Object:socket_2
@Error Euler (degree):0.97729 -4.42366 -142.769
@Error Quaternion Axis:0.035723 0.021522 0.99913
@Error Quaternion Angle (degree):217.238
@Error Translation:0.000591 0.000596 3e-05
@Error Translation Length:0.000839977
@Estimate_result:
0.374054 -0.882396 0.285411 0.0184519 
-0.0361131 0.29366 0.955227 -0.0164479 
-0.926703 -0.367614 0.0779787 0.0382712 
0 0 0 1 
@Sensor_Pose(not sensor model):
0 0 0.8 4e-06 -0 -1e-06
@Object_Pose:
socket_0:-0.04885 -0.040047 0.037416 -1.57073 -0.305585 2.16222
socket_2:0.018632 -0.016536 0.037455 1.57079 -0.543183 2.83862
socket_4:-0.01446 -0.005265 0.042406 3.14111 3e-05 0.868743
socket_5:0.062682 -0.008943 0.037388 1.57029 -1.47266 -2.26631
socket_7:-0.023087 0.036723 0.037403 1.5708 -0.684078 0.869429
socket_8:0.022608 0.025712 0.03745 1.5708 -1.31416 1.15251
ground_plane:0 0 0 0 0 0
depth_sensor:0 0 0.8 -3e-06 1.57079 1.57079
box:0 0 0 0 0 0
result_visualize_socket:0.018452 -0.016448 0.038271 -1.36177 1.18554 -0.096246

[4]
@Object_Recognized:socket
@Closest_Object:socket_8
@Error Euler (degree):-0.659703 -4.5812 -178.206
@Error Quaternion Axis:0.040057 -0.005127 0.999184
@Error Quaternion Angle (degree):181.766
@Error Translation:0.000792 7.7e-05 -0.000103
@Error Translation Length:0.00080211
@Estimate_result:
-0.0174827 0.385332 0.922613 0.0225658 
-0.235962 0.895099 -0.378312 0.0258698 
-0.971605 -0.224315 0.0752748 0.0382353 
0 0 0 1 
@Sensor_Pose(not sensor model):
0 0 0.8 4e-06 -0 -1e-06
@Object_Pose:
socket_0:-0.04885 -0.040047 0.037416 -1.57073 -0.305585 2.16222
socket_4:-0.01446 -0.005265 0.042406 3.14111 3e-05 0.868743
socket_5:0.062682 -0.008943 0.037388 1.57029 -1.47266 -2.26631
socket_7:-0.023087 0.036723 0.037403 1.5708 -0.684078 0.869429
socket_8:0.022608 0.025712 0.03745 1.5708 -1.31416 1.15251
ground_plane:0 0 0 0 0 0
depth_sensor:0 0 0.8 -3e-06 1.57079 1.57079
box:0 0 0 0 0 0
result_visualize_socket:0.022566 0.02587 0.038235 -1.24703 1.33192 -1.64475

[5]
@Object_Recognized:socket
@Closest_Object:socket_7
@Error Euler (degree):0.36952 0.238645 133.501
@Error Quaternion Axis:-0.000697 0.004119 0.999991
@Error Quaternion Angle (degree):133.501
@Error Translation:8.5e-05 0.000175 9.7e-05
@Error Translation Length:0.000217048
@Estimate_result:
-0.643204 -0.0771259 0.761801 -0.0230415 
-0.755067 -0.101308 -0.647774 0.0366268 
0.127137 -0.991861 0.0069264 0.0375919 
0 0 0 1 
@Sensor_Pose(not sensor model):
0 0 0.8 4e-06 -0 -1e-06
@Object_Pose:
socket_0:-0.04885 -0.040047 0.037416 -1.57073 -0.305585 2.16222
socket_4:-0.01446 -0.005265 0.042406 3.14111 3e-05 0.868743
socket_5:0.062682 -0.008943 0.037388 1.57029 -1.47266 -2.26631
socket_7:-0.023087 0.036723 0.037403 1.5708 -0.684078 0.869429
ground_plane:0 0 0 0 0 0
depth_sensor:0 0 0.8 -3e-06 1.57079 1.57079
box:0 0 0 0 0 0
result_visualize_socket:-0.023042 0.036627 0.037592 -1.56381 -0.127481 -2.27636

[6]
@Object_Recognized:socket
@Closest_Object:socket_5
@Error Euler (degree):-0.13687 -4.3899 166.94
@Error Quaternion Axis:0.038163 -0.005577 0.999256
@Error Quaternion Angle (degree):166.945
@Error Translation:0.000823 -1.1e-05 -0.000266
@Error Translation Length:0.000864604
@Estimate_result:
0.145999 -0.605524 -0.782321 0.0628279 
0.294201 -0.728441 0.618725 -0.0091838 
-0.944526 -0.320493 0.071794 0.0382058 
0 0 0 1 
@Sensor_Pose(not sensor model):
0 0 0.8 4e-06 -0 -1e-06
@Object_Pose:
socket_0:-0.04885 -0.040047 0.037416 -1.57073 -0.305585 2.16222
socket_4:-0.01446 -0.005265 0.042406 3.14111 3e-05 0.868743
socket_5:0.062682 -0.008943 0.037388 1.57029 -1.47266 -2.26631
ground_plane:0 0 0 0 0 0
depth_sensor:0 0 0.8 -3e-06 1.57079 1.57079
box:0 0 0 0 0 0
result_visualize_socket:0.062828 -0.009184 0.038206 -1.35042 1.23615 1.11015

[7]
@Object_Recognized:socket
@Closest_Object:socket_0
@Error Euler (degree):0.166412 0.129783 -164.019
@Error Quaternion Axis:-0.001336 0.001293 0.999998
@Error Quaternion Angle (degree):195.981
@Error Translation:0.000113 -0.000225 -0.000316
@Error Translation Length:0.000403391
@Estimate_result:
0.559238 0.0125138 -0.828913 -0.0486101 
-0.828579 -0.0237223 -0.55937 -0.0398379 
-0.0266635 0.99964 -0.00289762 0.0376643 
0 0 0 1 
@Sensor_Pose(not sensor model):
0 0 0.8 4e-06 -0 -1e-06
@Object_Pose:
socket_0:-0.04885 -0.040047 0.037416 -1.57073 -0.305585 2.16222
socket_4:-0.01446 -0.005265 0.042406 3.14111 3e-05 0.868743
ground_plane:0 0 0 0 0 0
depth_sensor:0 0 0.8 -3e-06 1.57079 1.57079
box:0 0 0 0 0 0
result_visualize_socket:-0.04861 -0.039838 0.037664 1.5737 0.026667 -0.977091

