[0]
@Object_Recognized:socket
@Closest_Object:socket_17
@Error Euler (degree):2.62891 -11.9021 4.22261
@Error Quaternion Axis:0.23541 -0.908607 0.344987
@Error Quaternion Angle (degree):12.985
@Error Translation:-0.001614 -0.001456 -0.002747
@Error Translation Length:0.00350246
@Estimate_result:
0.625579 0.746348 -0.227194 0.0807499 
0.542064 -0.625259 -0.561443 0.0293318 
-0.561087 0.228073 -0.795717 0.0487532 
0 0 0 1 
@Sensor_Pose(not sensor model):
0 0 0.8 4e-06 -0 -1e-06
@Object_Pose:
socket_0:-0.033422 -0.055136 0.037424 -1.57079 -1.25942 1.16403
socket_1:0.016585 -0.030678 0.042445 0.00384 -0.00158 0.486347
socket_2:0.065486 -0.043895 0.047307 0.149346 -0.35382 -2.42636
socket_3:-0.05234 -0.00123 0.037407 1.57077 -1.4782 -1.52082
socket_4:-0.005317 0.001312 0.039064 -2.3176 1.24405 -2.32413
socket_5:0.054584 -0.007949 0.038849 -2.31207 -1.30303 1.01522
socket_6:-0.039855 0.042666 0.037481 1.5708 -0.775791 -0.62563
socket_7:0.015443 0.062272 0.037472 -1.57079 1.34173 -1.54282
socket_8:0.069073 0.060932 0.038367 -1.73891 0.840662 -1.4765
socket_15:-0.077794 0.043461 0.039189 -1.81953 0.233194 -0.695808
socket_17:0.082713 0.028375 0.046015 2.88145 0.417698 0.862741
ground_plane:0 0 0 0 0 0
depth_sensor:0 0 0.8 -3e-06 1.57079 1.57079
box:0 0 0 0 0 0
result_visualize_socket:0.08075 0.029332 0.048753 2.86245 0.595698 0.713995

[1]
@Object_Recognized:socket
@Closest_Object:socket_13
@Error Euler (degree):-6.99717 -4.41104 -132.572
@Error Quaternion Axis:0.065099 -0.044038 0.996907
@Error Quaternion Angle (degree):227.028
@Error Translation:0.001083 -0.000218 -0.002727
@Error Translation Length:0.00294219
@Estimate_result:
-0.212411 -0.552927 -0.805701 0.0356682 
-0.934317 -0.126603 0.333202 -0.00290648 
-0.28624 0.823556 -0.489717 0.0466846 
0 0 0 1 
@Sensor_Pose(not sensor model):
0 0 0.8 4e-06 -0 -1e-06
@Object_Pose:
socket_0:-0.0304 -0.062014 0.042075 -2.04786 0.068371 1.50625
socket_1:0.039756 -0.060538 0.038819 -2.29265 1.30631 -2.26668
socket_2:0.081377 -0.054842 0.042401 -5e-05 -1.9e-05 0.235255
socket_4:-0.017324 -0.018248 0.037437 -1.5708 0.322626 0.705902
socket_5:0.077347 -0.013601 0.037426 1.5707 0.508242 -0.16612
socket_7:-0.008588 0.042612 0.037399 1.57079 0.882869 -0.223546
socket_8:0.063408 0.03585 0.037442 1.5814 -1.4509 2.84732
socket_12:-0.072117 -0.037332 0.037398 1.57079 1.47261 -1.98311
socket_13:0.034155 -0.002629 0.044177 -2.63621 -0.80467 2.13587
socket_16:0.025837 0.036002 0.042398 0.000148 -9.1e-05 1.2066
ground_plane:0 0 0 0 0 0
depth_sensor:0 0 0.8 -3e-06 1.57079 1.57079
box:0 0 0 0 0 0
result_visualize_socket:0.035668 -0.002906 0.046685 2.10726 0.2903 -1.79434

[2]
@Object_Recognized:socket
@Closest_Object:socket_9
@Error Euler (degree):-21.8619 42.0608 -71.6328
@Error Quaternion Axis:0.100744 0.625822 -0.773432
@Error Quaternion Angle (degree):76.933
@Error Translation:-0.002705 0.002783 0.002556
@Error Translation Length:0.00464732
@Estimate_result:
0.587799 0.369294 0.719802 -0.0899012 
-0.453425 0.88724 -0.0849247 -0.0614993 
-0.669999 -0.276458 0.688966 0.0449557 
0 0 0 1 
@Sensor_Pose(not sensor model):
0 0 0.8 4e-06 -0 -1e-06
@Object_Pose:
socket_0:-0.059106 -0.040326 0.042403 0.000108 0.000143 -0.391137
socket_1:-0.023185 -0.056909 0.048372 -0.656029 0.05405 1.15577
socket_3:-0.065459 -0.005965 0.04241 -0.000988 -0.00033 0.336407
socket_4:-0.009112 -0.015315 0.037399 1.5708 -0.490104 -0.30647
socket_5:0.059691 -0.001857 0.037403 1.5675 1.4714 1.33512
socket_6:-0.036203 0.026535 0.037446 1.57073 -0.329635 1.51356
socket_7:0.006393 0.053286 0.037482 1.57057 0.991558 -0.315095
socket_8:0.06234 0.034192 0.047894 0.84225 -0.100924 -0.473773
socket_9:-0.086103 -0.062294 0.042399 9.4e-05 5.8e-05 0.593197
ground_plane:0 0 0 0 0 0
depth_sensor:0 0 0.8 -3e-06 1.57079 1.57079
box:0 0 0 0 0 0
result_visualize_socket:-0.089901 -0.061499 0.044956 -0.381597 0.734207 -0.657054

