[0]
@Object_Recognized:socket
@Closest_Object:socket_6
@Error Euler (degree):0.919833 0.450377 -2.9805
@Error Quaternion Axis:0.295204 0.135137 -0.945829
@Error Quaternion Angle (degree):3.15417
@Error Translation:4.1e-05 -0.000314 -0.000244
@Error Translation Length:0.000399916
@Estimate_result:
0.983096 0.180335 -0.0316751 -0.0872048 
0.155447 -0.730643 0.66483 0.0338089 
0.0967485 -0.658515 -0.746324 0.0460194 
0 0 0 1 
@Sensor_Pose(not sensor model):
0 0 0.8 4e-06 -0 -1e-06
@Object_Pose:
socket_0:-0.08467 -0.01961 0.041014 -1.33927 -0.740736 0.209034
socket_1:-0.027617 -0.030828 0.0374 1.5708 -0.099888 -0.602088
socket_2:0.065304 -0.046297 0.037397 -1.57082 -0.294535 0.279319
socket_3:-0.053652 0.002857 0.040519 -1.4028 -0.502703 0.902181
socket_4:0.037781 -0.001399 0.037398 -1.5708 -0.883651 0.973927
socket_5:0.084087 0.012844 0.037464 -1.57082 0.619334 0.164847
socket_6:-0.087213 0.033728 0.045628 -2.43222 -0.057092 0.122321
socket_7:-0.023683 0.048255 0.037448 1.57086 0.533891 -2.97194
socket_8:0.019457 0.062481 0.037423 -1.5708 1.48885 -1.56038
ground_plane:0 0 0 0 0 0
depth_sensor:0 0 0.8 -3e-06 1.57079 1.57079
table:-0.4 0.4 -0.35 0 0 0
smalltable:0 0.3 -0.35 0 0 0
fixer_ar07:-0.5 0 0 0 0 0
ar6aixs:-0.5 -0 0 -0 -0 0
box:0 0 0 0 0 0
result_visualize_socket:-0.087205 0.033809 0.046019 -2.41862 -0.0969 0.156821

[1]
@Object_Recognized:socket
@Closest_Object:socket_0
@Error Euler (degree):-0.200392 -0.292275 -100.71
@Error Quaternion Axis:-0.004 -0.000365 -0.999992
@Error Quaternion Angle (degree):100.711
@Error Translation:0.00015 -3.9e-05 0.000225
@Error Translation Length:0.000273114
@Estimate_result:
-0.720496 0.599997 -0.347689 -0.084665 
-0.378247 0.0802034 0.922223 -0.0193937 
0.581218 0.795971 0.169161 0.0411809 
0 0 0 1 
@Sensor_Pose(not sensor model):
0 0 0.8 4e-06 -0 -1e-06
@Object_Pose:
socket_0:-0.08467 -0.01961 0.041014 -1.33927 -0.740736 0.209034
socket_1:-0.027617 -0.030828 0.0374 1.5708 -0.099888 -0.602088
socket_2:0.065304 -0.046297 0.037397 -1.57082 -0.294535 0.279319
socket_3:-0.053652 0.002857 0.040519 -1.4028 -0.502703 0.902181
socket_4:0.037781 -0.001399 0.037398 -1.5708 -0.883651 0.973927
socket_5:0.084087 0.012844 0.037464 -1.57082 0.619334 0.164847
socket_7:-0.023683 0.048255 0.037448 1.57086 0.533891 -2.97194
socket_8:0.019457 0.062481 0.037423 -1.5708 1.48885 -1.56038
ground_plane:0 0 0 0 0 0
depth_sensor:0 0 0.8 -3e-06 1.57079 1.57079
table:-0.4 0.4 -0.35 0 0 0
smalltable:0 0.3 -0.35 0 0 0
fixer_ar07:-0.5 0 0 0 0 0
ar6aixs:-0.5 -0 0 -0 0 0
box:0 0 0 0 0 0
result_visualize_socket:-0.087205 0.033809 0.046019 -2.41862 -0.0969 0.156821

[2]
@Object_Recognized:socket
@Closest_Object:socket_3
@Error Euler (degree):0.946125 -4.3622 103.529
@Error Quaternion Axis:0.044526 -0.02172 0.998772
@Error Quaternion Angle (degree):103.634
@Error Translation:0.000502 -0.000547 -3.3e-05
@Error Translation Length:0.000743362
@Estimate_result:
-0.0310874 -0.579849 -0.814131 -0.053441 
0.343112 -0.77122 0.536184 0.00292373 
-0.93878 -0.26267 0.222928 0.041229 
0 0 0 1 
@Sensor_Pose(not sensor model):
0 0 0.8 4e-06 -0 -1e-06
@Object_Pose:
socket_1:-0.027617 -0.030828 0.0374 1.5708 -0.099888 -0.602088
socket_2:0.065304 -0.046297 0.037397 -1.57082 -0.294535 0.279319
socket_3:-0.053652 0.002857 0.040519 -1.4028 -0.502703 0.902181
socket_4:0.037781 -0.001399 0.037398 -1.5708 -0.883651 0.973927
socket_5:0.084087 0.012844 0.037464 -1.57082 0.619334 0.164847
socket_7:-0.023683 0.048255 0.037448 1.57086 0.533891 -2.97194
socket_8:0.019457 0.062481 0.037423 -1.5708 1.48885 -1.56038
ground_plane:0 0 0 0 0 0
depth_sensor:0 0 0.8 -3e-06 1.57079 1.57079
table:-0.4 0.4 -0.35 0 0 0
smalltable:0 0.3 -0.35 0 0 0
fixer_ar07:-0.5 0 0 0 0 0
ar6aixs:-0.5 -0 0 -0 0 0
box:0 0 0 0 0 0
result_visualize_socket:-0.084665 -0.019394 0.041181 1.36139 -0.620224 -2.65816

[3]
@Object_Recognized:socket
@Closest_Object:socket_7
@Error Euler (degree):-3.12647 0.957111 42.5024
@Error Quaternion Axis:-0.078237 -0.005792 0.996918
@Error Quaternion Angle (degree):42.6483
@Error Translation:-0.000314 0.00057 -0.000227
@Error Translation Length:0.000689492
@Estimate_result:
-0.961467 0.213232 -0.173528 -0.023664 
-0.181609 -0.0187549 0.983192 0.0480283 
0.206394 0.976821 0.0567571 0.0380984 
0 0 0 1 
@Sensor_Pose(not sensor model):
0 0 0.8 4e-06 -0 -1e-06
@Object_Pose:
socket_1:-0.027617 -0.030828 0.0374 1.5708 -0.099888 -0.602088
socket_2:0.065304 -0.046297 0.037397 -1.57082 -0.294535 0.279319
socket_4:0.037781 -0.001399 0.037398 -1.5708 -0.883651 0.973927
socket_5:0.084087 0.012844 0.037464 -1.57082 0.619334 0.164847
socket_7:-0.023683 0.048255 0.037448 1.57086 0.533891 -2.97194
socket_8:0.019457 0.062481 0.037423 -1.5708 1.48885 -1.56038
ground_plane:0 0 0 0 0 0
depth_sensor:0 0 0.8 -3e-06 1.57079 1.57079
table:-0.4 0.4 -0.35 0 0 0
smalltable:0 0.3 -0.35 0 0 0
fixer_ar07:-0.5 0 0 0 0 0
ar6aixs:-0.5 -0 0 -0 0 0
box:0 0 0 0 0 0
result_visualize_socket:-0.023664 0.048028 0.038098 1.51276 -0.207888 -2.95491

