[0]
@Object_Recognized:socket
@Closest_Object:socket_5
@Error Euler (degree):1.57031 -3.97826 67.4658
@Error Quaternion Axis:0.055091 -0.038194 0.997751
@Error Quaternion Angle (degree):67.6396
@Error Translation:-7.7e-05 -0.000786 0.000358
@Error Translation Length:0.000867048
@Estimate_result:
0.223116 -0.326663 0.918428 0.0412693 
-0.353271 0.851033 0.388513 -0.0253356 
-0.908526 -0.411138 0.0744786 0.0382555 
0 0 0 1 
@Sensor_Pose(not sensor model):
0 0 0.8 4e-06 -0 -1e-06
@Object_Pose:
socket_0:-0.085474 -0.026063 0.037474 -1.57079 -0.029402 0.310178
socket_1:0.008901 -0.054987 0.037399 -1.5708 -0.491729 0.15839
socket_2:0.058052 -0.062117 0.0424 7e-06 -0 2.81118
socket_3:-0.050893 -0.003563 0.037433 1.5708 -1.10323 -1.8361
socket_4:0.01114 0.000757 0.037398 -1.5708 1.47258 -1.28584
socket_5:0.040979 -0.025569 0.037472 -1.5708 -0.032477 -1.1743
socket_6:-0.086562 0.02353 0.043928 3.0152 0.028261 -1.07278
socket_7:-0.048508 0.048551 0.037389 1.57076 0.098163 2.42815
socket_8:0.085609 0.0526 0.037407 -1.57081 1.26596 -2.91989
ground_plane:0 0 0 0 0 0
depth_sensor:0 0 0.8 -3e-06 1.57079 1.57079
table:-0.4 0.4 -0.35 0 0 0
smalltable:0 0.3 -0.35 0 0 0
fixer_ar07:-0.5 0 0 0 0 0
ar6aixs:-0.5 -0 0 -0 0 0
box:0 0 0 0 0 0
result_visualize_socket:0.041269 -0.025336 0.038256 -1.39159 1.13974 -1.00748

[1]
@Object_Recognized:socket
@Closest_Object:socket_1
@Error Euler (degree):-0.510795 0.129161 -121.755
@Error Quaternion Axis:0.001356 -0.005085 0.999986
@Error Quaternion Angle (degree):238.245
@Error Translation:0.000164 -0.000181 -0.000495
@Error Translation Length:0.000551373
@Estimate_result:
-0.854214 0.496205 -0.155237 0.00903714 
-0.138725 0.07023 0.987838 -0.0554659 
0.501072 0.86536 0.00884453 0.0376355 
0 0 0 1 
@Sensor_Pose(not sensor model):
0 0 0.8 4e-06 -0 -1e-06
@Object_Pose:
socket_0:-0.085474 -0.026063 0.037474 -1.57079 -0.029402 0.310178
socket_1:0.008901 -0.054987 0.037399 -1.5708 -0.491729 0.15839
socket_2:0.058052 -0.062117 0.0424 7e-06 -0 2.81118
socket_3:-0.050893 -0.003563 0.037433 1.5708 -1.10323 -1.8361
socket_4:0.01114 0.000757 0.037398 -1.5708 1.47258 -1.28584
socket_6:-0.086562 0.02353 0.043928 3.0152 0.028261 -1.07278
socket_7:-0.048508 0.048551 0.037389 1.57076 0.098163 2.42815
socket_8:0.085609 0.0526 0.037407 -1.57081 1.26596 -2.91989
ground_plane:0 0 0 0 0 0
depth_sensor:0 0 0.8 -3e-06 1.57079 1.57079
table:-0.4 0.4 -0.35 0 0 0
smalltable:0 0.3 -0.35 0 0 0
fixer_ar07:-0.5 0 0 0 0 0
ar6aixs:-0.5 -0 0 -0 0 0
box:0 0 0 0 0 0
result_visualize_socket:0.041269 -0.025336 0.038256 -1.39159 1.13974 -1.00748

[2]
@Object_Recognized:socket
@Closest_Object:socket_4
@Error Euler (degree):1.30094 -3.89605 -13.9887
@Error Quaternion Axis:0.056308 -0.277641 -0.959033
@Error Quaternion Angle (degree):14.5339
@Error Translation:-0.000751 -1.7e-05 0.000492
@Error Translation Length:0.000898268
@Estimate_result:
0.159361 -0.243136 0.956812 0.0115964 
-0.302329 0.910612 0.28175 0.000949586 
-0.939788 -0.334172 0.0716087 0.038147 
0 0 0 1 
@Sensor_Pose(not sensor model):
0 0 0.8 4e-06 -0 -1e-06
@Object_Pose:
socket_0:-0.085474 -0.026063 0.037474 -1.57079 -0.029402 0.310178
socket_2:0.058052 -0.062117 0.0424 7e-06 -0 2.81118
socket_3:-0.050893 -0.003563 0.037433 1.5708 -1.10323 -1.8361
socket_4:0.01114 0.000757 0.037398 -1.5708 1.47258 -1.28584
socket_6:-0.086562 0.02353 0.043928 3.0152 0.028261 -1.07278
socket_7:-0.048508 0.048551 0.037389 1.57076 0.098163 2.42815
socket_8:0.085609 0.0526 0.037407 -1.57081 1.26596 -2.91989
ground_plane:0 0 0 0 0 0
depth_sensor:0 0 0.8 -3e-06 1.57079 1.57079
table:-0.4 0.4 -0.35 0 0 0
smalltable:0 0.3 -0.35 0 0 0
fixer_ar07:-0.5 0 0 0 0 0
ar6aixs:-0.5 -0 0 -0 0 0
box:0 0 0 0 0 0
result_visualize_socket:0.011596 0.00095 0.038147 -1.3597 1.22201 -1.0857

[3]
@Object_Recognized:socket
@Closest_Object:socket_0
@Error Euler (degree):0.943953 -3.94006 78.8291
@Error Quaternion Axis:0.044337 -0.033553 0.998453
@Error Quaternion Angle (degree):78.9486
@Error Translation:6.1e-05 -0.00069 0.000479
@Error Translation Length:0.000842125
@Estimate_result:
0.190401 -0.93354 -0.303727 -0.0855815 
0.133186 -0.281963 0.950136 -0.0255938 
-0.972631 -0.221359 0.070648 0.0381654 
0 0 0 1 
@Sensor_Pose(not sensor model):
0 0 0.8 4e-06 -0 -1e-06
@Object_Pose:
socket_0:-0.085474 -0.026063 0.037474 -1.57079 -0.029402 0.310178
socket_2:0.058052 -0.062117 0.0424 7e-06 -0 2.81118
socket_3:-0.050893 -0.003563 0.037433 1.5708 -1.10323 -1.8361
socket_6:-0.086562 0.02353 0.043928 3.0152 0.028261 -1.07278
socket_7:-0.048508 0.048551 0.037389 1.57076 0.098163 2.42815
socket_8:0.085609 0.0526 0.037407 -1.57081 1.26596 -2.91989
ground_plane:0 0 0 0 0 0
depth_sensor:0 0 0.8 -3e-06 1.57079 1.57079
table:-0.4 0.4 -0.35 0 0 0
smalltable:0 0.3 -0.35 0 0 0
fixer_ar07:-0.5 0 0 0 0 0
ar6aixs:-0.5 -0 0 -0 0 0
box:0 0 0 0 0 0
result_visualize_socket:-0.085582 -0.025594 0.038165 -1.26186 1.33629 0.610391

[4]
@Object_Recognized:socket
@Closest_Object:socket_3
@Error Euler (degree):-0.175413 0.123169 -67.9381
@Error Quaternion Axis:-0.001197 0.003126 -0.999994
@Error Quaternion Angle (degree):67.9382
@Error Translation:8e-05 0.000118 -0.000137
@Error Translation Length:0.000197778
@Estimate_result:
-0.259233 -0.0186537 -0.965635 -0.0507424 
-0.962292 -0.0803297 0.259887 -0.00353138 
-0.082417 0.996594 0.00287374 0.0375572 
0 0 0 1 
@Sensor_Pose(not sensor model):
0 0 0.8 4e-06 -0 -1e-06
@Object_Pose:
socket_2:0.058052 -0.062117 0.0424 7e-06 -0 2.81118
socket_3:-0.050893 -0.003563 0.037433 1.5708 -1.10323 -1.8361
socket_6:-0.086562 0.02353 0.043928 3.0152 0.028261 -1.07278
socket_7:-0.048508 0.048551 0.037389 1.57076 0.098163 2.42815
socket_8:0.085609 0.0526 0.037407 -1.57081 1.26596 -2.91989
ground_plane:0 0 0 0 0 0
depth_sensor:0 0 0.8 -3e-06 1.57079 1.57079
table:-0.4 0.4 -0.35 0 0 0
smalltable:0 0.3 -0.35 0 0 0
fixer_ar07:-0.5 0 0 0 0 0
ar6aixs:-0.5 -0 0 -0 0 0
box:0 0 0 0 0 0
result_visualize_socket:-0.050742 -0.003531 0.037557 1.56791 0.08251 -1.83394

[5]
@Object_Recognized:socket
@Closest_Object:socket_7
@Error Euler (degree):2.20076 -3.87869 -100.883
@Error Quaternion Axis:-0.017981 -0.047144 -0.998726
@Error Quaternion Angle (degree):100.88
@Error Translation:-9.6e-05 0.000764 0.000448
@Error Translation Length:0.000891076
@Estimate_result:
0.258639 -0.699896 0.665773 -0.048199 
-0.134345 0.656463 0.742299 0.0488764 
-0.956587 -0.281431 0.0757596 0.0381594 
0 0 0 1 
@Sensor_Pose(not sensor model):
0 0 0.8 4e-06 -0 -1e-06
@Object_Pose:
socket_2:0.058052 -0.062117 0.0424 7e-06 -0 2.81118
socket_6:-0.086562 0.02353 0.043928 3.0152 0.028261 -1.07278
socket_7:-0.048508 0.048551 0.037389 1.57076 0.098163 2.42815
socket_8:0.085609 0.0526 0.037407 -1.57081 1.26596 -2.91989
ground_plane:0 0 0 0 0 0
depth_sensor:0 0 0.8 -3e-06 1.57079 1.57079
table:-0.4 0.4 -0.35 0 0 0
smalltable:0 0.3 -0.35 0 0 0
fixer_ar07:-0.5 0 0 0 0 0
ar6aixs:-0.5 -0 0 -0 0 0
box:0 0 0 0 0 0
result_visualize_socket:-0.048199 0.048876 0.038159 -1.30784 1.27506 -0.479071

[6]
@Object_Recognized:socket
@Closest_Object:socket_8
@Error Euler (degree):-0.519726 0.003241 121.998
@Error Quaternion Axis:-0.002542 -0.00452 0.999987
@Error Quaternion Angle (degree):121.999
@Error Translation:-0.000161 -0.000101 -0.000393
@Error Translation Length:0.000436323
@Estimate_result:
0.944299 -0.246772 0.217722 0.0854763 
0.212917 -0.0463316 -0.975971 0.0529729 
0.25093 0.967966 0.00879108 0.037591 
0 0 0 1 
@Sensor_Pose(not sensor model):
0 0 0.8 4e-06 -0 -1e-06
@Object_Pose:
socket_2:0.058052 -0.062117 0.0424 7e-06 -0 2.81118
socket_6:-0.086562 0.02353 0.043928 3.0152 0.028261 -1.07278
socket_8:0.085609 0.0526 0.037407 -1.57081 1.26596 -2.91989
ground_plane:0 0 0 0 0 0
depth_sensor:0 0 0.8 -3e-06 1.57079 1.57079
table:-0.4 0.4 -0.35 0 0 0
smalltable:0 0.3 -0.35 0 0 0
fixer_ar07:-0.5 0 0 0 0 0
ar6aixs:-0.5 0 0 0 0 0
box:0 0 0 0 0 0
result_visualize_socket:0.085476 0.052973 0.037591 1.56171 -0.25364 0.221768

