[0]
@Object_Recognized:socket
@Closest_Object:socket_5
@Error Euler (degree):0.178955 -0.200171 -165.867
@Error Quaternion Axis:0.001553 0.001778 0.999997
@Error Quaternion Angle (degree):194.133
@Error Translation:0.00042 -0.000151 -1.2e-05
@Error Translation Length:0.000446149
@Estimate_result:
-0.957156 -0.289544 0.00425166 0.0743622 
0.289554 -0.95716 0.00205451 -0.000659219 
0.0034746 0.00319754 0.999989 0.0423879 
0 0 0 1 
@Sensor_Pose(not sensor model):
0 0 0.8 4e-06 -0 -1e-06
@Object_Pose:
socket_0:-0.026112 -0.023536 0.037391 -1.57115 -0.687475 -3.11834
socket_1:0.03036 -0.055064 0.037417 1.57079 -1.09188 -0.827551
socket_2:0.076628 -0.04752 0.037445 -1.5708 -0.131185 0.946103
socket_3:-0.080358 -0.018085 0.037405 1.5708 -0.682731 -1.76728
socket_4:0.015068 -0.010166 0.037445 1.57081 0.65362 0.259542
socket_5:0.07408 -0.000314 0.0424 -6.7e-05 -3.7e-05 -0.540428
socket_6:-0.064805 0.031927 0.042402 -3.1415 0.000127 0.598477
socket_7:-0.026022 0.023997 0.038085 1.65089 0.097473 -2.73004
socket_8:0.077985 0.037108 0.0424 -1.1e-05 -7e-06 2.28641
ground_plane:0 0 0 0 0 0
depth_sensor:0 0 0.8 -3e-06 1.57079 1.57079
table:-0.4 0.4 -0.35 0 0 0
smalltable:0 0.3 -0.35 0 0 0
fixer_ar07:-0.5 0 0 0 0 0
ar6aixs:-0.5 -0 0 -0 0 0
box:0 0 0 0 0 0
result_visualize_socket:0.074362 -0.000659 0.042388 0.003198 -0.003475 2.84783

[1]
@Object_Recognized:socket
@Closest_Object:socket_7
@Error Euler (degree):0.893053 -0.207108 -63.583
@Error Quaternion Axis:0.010766 -0.010708 -0.999885
@Error Quaternion Angle (degree):63.5873
@Error Translation:-1.4e-05 0.000177 9e-06
@Error Translation Length:0.000177657
@Estimate_result:
-0.298942 -0.876679 -0.376918 -0.0260341 
-0.204733 -0.326861 0.92263 0.0240171 
-0.932051 0.352981 -0.0817727 0.0382614 
0 0 0 1 
@Sensor_Pose(not sensor model):
0 0 0.8 4e-06 -0 -1e-06
@Object_Pose:
socket_0:-0.026112 -0.023536 0.037391 -1.57115 -0.687475 -3.11834
socket_1:0.03036 -0.055064 0.037417 1.57079 -1.09188 -0.827551
socket_2:0.076628 -0.04752 0.037445 -1.5708 -0.131185 0.946103
socket_3:-0.080358 -0.018085 0.037405 1.5708 -0.682731 -1.76728
socket_4:0.015068 -0.010166 0.037445 1.57081 0.65362 0.259542
socket_6:-0.064805 0.031927 0.042402 -3.1415 0.000127 0.598477
socket_7:-0.026022 0.023997 0.038085 1.65089 0.097473 -2.73004
socket_8:0.077985 0.037108 0.0424 -1.1e-05 -7e-06 2.28641
ground_plane:0 0 0 0 0 0
depth_sensor:0 0 0.8 -3e-06 1.57079 1.57079
table:-0.4 0.4 -0.35 0 0 0
smalltable:0 0.3 -0.35 0 0 0
fixer_ar07:-0.5 0 0 0 0 0
ar6aixs:-0.5 -0 0 -0 0 0
box:0 0 0 0 0 0
result_visualize_socket:0.074362 -0.000659 0.042388 0.003198 -0.003475 2.84783

[2]
@Object_Recognized:socket
@Closest_Object:socket_4
@Error Euler (degree):1.82584 -3.95664 -71.8627
@Error Quaternion Axis:-0.012537 -0.063512 -0.997902
@Error Quaternion Angle (degree):71.914
@Error Translation:-0.000501 0.000623 0.000401
@Error Translation Length:0.000893806
@Estimate_result:
-0.301175 0.920519 0.248873 0.0151529 
-0.151353 0.211536 -0.96558 -0.0105581 
-0.941481 -0.328477 0.0756142 0.0382439 
0 0 0 1 
@Sensor_Pose(not sensor model):
0 0 0.8 4e-06 -0 -1e-06
@Object_Pose:
socket_0:-0.026112 -0.023536 0.037391 -1.57115 -0.687475 -3.11834
socket_1:0.03036 -0.055064 0.037417 1.57079 -1.09188 -0.827551
socket_2:0.076628 -0.04752 0.037445 -1.5708 -0.131185 0.946103
socket_3:-0.080358 -0.018085 0.037405 1.5708 -0.682731 -1.76728
socket_4:0.015068 -0.010166 0.037445 1.57081 0.65362 0.259542
socket_6:-0.064805 0.031927 0.042402 -3.1415 0.000127 0.598477
socket_8:0.077985 0.037108 0.0424 -1.1e-05 -7e-06 2.28641
ground_plane:0 0 0 0 0 0
depth_sensor:0 0 0.8 -3e-06 1.57079 1.57079
table:-0.4 0.4 -0.35 0 0 0
smalltable:0 0.3 -0.35 0 0 0
fixer_ar07:-0.5 0 0 0 0 0
ar6aixs:-0.499995 7e-06 0 5.7e-05 -4.4e-05 4.3e-05
box:0 0 0 0 0 0
result_visualize_socket:-0.026034 0.024017 0.038261 1.79844 1.20003 -2.5411

