[0]
@Object_Recognized:socket
@Closest_Object:socket_1
@Error Euler (degree):-0.006328 -0.20746 -48.2519
@Error Quaternion Axis:-0.001934 -0.003987 -0.99999
@Error Quaternion Angle (degree):48.2523
@Error Translation:7e-05 4.2e-05 -6.5e-05
@Error Translation Length:0.000104058
@Estimate_result:
-0.374338 0.753293 -0.54076 -0.0289665 
-0.875944 -0.0958934 0.472785 -0.0102286 
0.304291 0.650658 0.695739 0.0627209 
0 0 0 1 
@Sensor_Pose(not sensor model):
0 0 0.8 4e-06 -0 -1e-06
@Object_Pose:
socket_0:-0.083204 -0.023595 0.037388 -1.5708 -1.07988 0.319109
socket_1:-0.029056 -0.010177 0.06271 0.290301 -0.756575 -1.12428
socket_2:0.044512 -0.058251 0.042399 -3.14148 3e-06 -2.3012
socket_3:-0.059772 0.005173 0.042401 -8e-05 -6.4e-05 -0.563223
socket_4:0.002523 -0.021111 0.037419 -1.5708 0.111836 -0.86012
socket_5:0.064087 -0.017577 0.037758 1.60786 -0.598101 -0.622608
socket_6:-0.085036 0.031209 0.042399 3.14151 6.9e-05 -0.490615
socket_7:-0.019069 0.06233 0.037407 1.5708 0.485476 1.59982
socket_8:0.077066 0.02202 0.038101 1.65016 -0.332589 -2.43486
ground_plane:0 0 0 0 0 0
depth_sensor:0 0 0.8 -3e-06 1.57079 1.57079
box:0 0 0 0 0 0
result_visualize_socket:-0.028966 -0.010229 0.062721 0.751928 -0.309193 -1.97466

[1]
@Object_Recognized:socket
@Closest_Object:socket_8
@Error Euler (degree):-0.214446 -3.93706 -126.962
@Error Quaternion Axis:0.035278 0.015268 0.999261
@Error Quaternion Angle (degree):232.997
@Error Translation:0.000529 0.000797 0.000318
@Error Translation Length:0.00100796
@Estimate_result:
0.229132 -0.689658 -0.68693 0.0766298 
0.202547 -0.656477 0.726646 0.0221474 
-0.95209 -0.305633 -0.010732 0.0390001 
0 0 0 1 
@Sensor_Pose(not sensor model):
0 0 0.8 4e-06 -0 -1e-06
@Object_Pose:
socket_0:-0.083204 -0.023595 0.037388 -1.5708 -1.07988 0.319109
socket_2:0.044512 -0.058251 0.042399 -3.14148 3e-06 -2.3012
socket_3:-0.059772 0.005173 0.042401 -8e-05 -6.4e-05 -0.563223
socket_4:0.002523 -0.021111 0.037419 -1.5708 0.111836 -0.86012
socket_5:0.064087 -0.017577 0.037758 1.60786 -0.598101 -0.622608
socket_6:-0.085036 0.031209 0.042399 3.14151 6.9e-05 -0.490615
socket_7:-0.019069 0.06233 0.037407 1.5708 0.485476 1.59982
socket_8:0.077066 0.02202 0.038101 1.65016 -0.332589 -2.43486
ground_plane:0 0 0 0 0 0
depth_sensor:0 0 0.8 -3e-06 1.57079 1.57079
box:0 0 0 0 0 0
result_visualize_socket:0.07663 0.022147 0.039 -1.6059 1.26 0.723891

[2]
@Object_Recognized:socket
@Closest_Object:socket_5
@Error Euler (degree):0.343389 -4.77416 -135.645
@Error Quaternion Axis:0.040426 0.01997 0.998983
@Error Quaternion Angle (degree):224.329
@Error Translation:0.000504 0.000605 0.000101
@Error Translation Length:0.000794389
@Estimate_result:
-0.191937 0.808306 -0.556599 0.0640782 
0.0671802 -0.554992 -0.829138 -0.0177223 
-0.979105 -0.196535 0.0522213 0.0385391 
0 0 0 1 
@Sensor_Pose(not sensor model):
0 0 0.8 4e-06 -0 -1e-06
@Object_Pose:
socket_0:-0.083204 -0.023595 0.037388 -1.5708 -1.07988 0.319109
socket_2:0.044512 -0.058251 0.042399 -3.14148 3e-06 -2.3012
socket_3:-0.059772 0.005173 0.042401 -8e-05 -6.4e-05 -0.563223
socket_4:0.002523 -0.021111 0.037419 -1.5708 0.111836 -0.86012
socket_5:0.064087 -0.017577 0.037758 1.60786 -0.598101 -0.622608
socket_6:-0.085036 0.031209 0.042399 3.14151 6.9e-05 -0.490615
socket_7:-0.019069 0.06233 0.037407 1.5708 0.485476 1.59982
ground_plane:0 0 0 0 0 0
depth_sensor:0 0 0.8 -3e-06 1.57079 1.57079
box:0 0 0 0 0 0
result_visualize_socket:0.064078 -0.017722 0.038539 -1.31109 1.36601 2.80491

[3]
@Object_Recognized:socket
@Closest_Object:socket_0
@Error Euler (degree):0.571043 -5.36958 136.753
@Error Quaternion Axis:0.048801 -0.013586 0.998716
@Error Quaternion Angle (degree):136.83
@Error Translation:0.000752 -0.000686 -0.000164
@Error Translation Length:0.00103083
@Estimate_result:
0.217224 -0.919944 -0.326368 -0.0833907 
0.170326 -0.2935 0.940663 -0.0238299 
-0.961147 -0.259924 0.0929351 0.0383741 
0 0 0 1 
@Sensor_Pose(not sensor model):
0 0 0.8 4e-06 -0 -1e-06
@Object_Pose:
socket_0:-0.083204 -0.023595 0.037388 -1.5708 -1.07988 0.319109
socket_2:0.044512 -0.058251 0.042399 -3.14148 3e-06 -2.3012
socket_3:-0.059772 0.005173 0.042401 -8e-05 -6.4e-05 -0.563223
socket_4:0.002523 -0.021111 0.037419 -1.5708 0.111836 -0.86012
socket_6:-0.085036 0.031209 0.042399 3.14151 6.9e-05 -0.490615
socket_7:-0.019069 0.06233 0.037407 1.5708 0.485476 1.59982
ground_plane:0 0 0 0 0 0
depth_sensor:0 0 0.8 -3e-06 1.57079 1.57079
box:0 0 0 0 0 0
result_visualize_socket:-0.083391 -0.02383 0.038374 -1.22741 1.29113 0.66497

[4]
@Object_Recognized:socket
@Closest_Object:socket_4
@Error Euler (degree):-7.60691 -1.89964 90.7157
@Error Quaternion Axis:-0.048903 -0.082561 0.995385
@Error Quaternion Angle (degree):90.8544
@Error Translation:-0.000489 -0.001812 0.000809
@Error Translation Length:0.00204355
@Estimate_result:
-0.055727 -0.742245 0.667807 0.0029506 
0.115561 0.659557 0.742718 -0.0203681 
-0.991736 0.118562 0.0490188 0.0392744 
0 0 0 1 
@Sensor_Pose(not sensor model):
0 0 0.8 4e-06 -0 -1e-06
@Object_Pose:
socket_2:0.044512 -0.058251 0.042399 -3.14148 3e-06 -2.3012
socket_3:-0.059772 0.005173 0.042401 -8e-05 -6.4e-05 -0.563223
socket_4:0.002523 -0.021111 0.037419 -1.5708 0.111836 -0.86012
socket_6:-0.085036 0.031209 0.042399 3.14151 6.9e-05 -0.490615
socket_7:-0.019069 0.06233 0.037407 1.5708 0.485476 1.59982
ground_plane:0 0 0 0 0 0
depth_sensor:0 0 0.8 -3e-06 1.57079 1.57079
box:0 0 0 0 0 0
result_visualize_socket:0.002951 -0.020368 0.039274 1.17875 1.44215 2.02013

[5]
@Object_Recognized:socket
@Closest_Object:socket_7
@Error Euler (degree):2.11253 -4.01692 -76.0474
@Error Quaternion Axis:-0.011476 -0.063206 -0.997934
@Error Quaternion Angle (degree):76.0883
@Error Translation:-0.000543 0.000596 6.9e-05
@Error Translation Length:0.000809456
@Estimate_result:
0.0769574 0.00858374 0.996998 -0.0189948 
-0.236881 0.971489 0.00992051 0.0621302 
-0.968486 -0.236934 0.0767963 0.0381873 
0 0 0 1 
@Sensor_Pose(not sensor model):
0 0 0.8 4e-06 -0 -1e-06
@Object_Pose:
socket_2:0.044512 -0.058251 0.042399 -3.14148 3e-06 -2.3012
socket_3:-0.059772 0.005173 0.042401 -8e-05 -6.4e-05 -0.563223
socket_6:-0.085036 0.031209 0.042399 3.14151 6.9e-05 -0.490615
socket_7:-0.019069 0.06233 0.037407 1.5708 0.485476 1.59982
ground_plane:0 0 0 0 0 0
depth_sensor:0 0 0.8 -3e-06 1.57079 1.57079
box:0 0 0 0 0 0
result_visualize_socket:-0.018995 0.06213 0.038187 -1.25736 1.31908 -1.25668

