[0]
@Object_Recognized:socket
@Closest_Object:socket_0
@Error Euler (degree):0.13964 -1.09892 137.256
@Error Quaternion Axis:0.010066 -0.002534 0.999946
@Error Quaternion Angle (degree):137.259
@Error Translation:-0.000473 0.00066 0.000368
@Error Translation Length:0.000891621
@Estimate_result:
-0.992965 0.116892 0.0189336 -0.0207136 
-0.116826 -0.993142 0.00458901 -0.0552395 
0.0193401 0.00234522 0.999811 0.0427655 
0 0 0 1 
@Sensor_Pose(not sensor model):
0 0 0.8 4e-06 -0 -1e-06
@Object_Pose:
socket_0:-0.019905 -0.055309 0.042397 0.000177 5.6e-05 0.863141
socket_1:0.016651 -0.015306 0.037879 -1.55255 0.180203 0.280422
socket_2:0.078062 -0.025233 0.039401 1.88881 -0.285206 -0.714264
socket_3:-0.080938 -0.062501 0.040471 -1.37684 0.744657 1.70195
socket_4:-0.019928 0.005393 0.037462 1.56782 1.52349 2.29465
socket_5:0.056404 0.003742 0.037415 1.57079 -1.28673 -0.683472
socket_6:-0.0708 0.011896 0.037398 1.5708 -1.07992 0.619923
socket_7:-0.002697 0.056756 0.037458 -1.57074 0.837978 -1.00504
socket_8:0.064955 0.048469 0.037404 1.57079 0.301549 1.19741
ground_plane:0 0 0 0 0 0
depth_sensor:0 0 0.8 -3e-06 1.57079 1.57079
table:-0.4 0.4 -0.35 0 0 0
smalltable:0 0.3 -0.35 0 0 0
fixer_ar07:-0.5 0 0 0 0 0
ar6aixs:-0.5 -0 0 -0 0 0
box:0 0 0 0 0 0
result_visualize_socket:-0.020714 -0.05524 0.042766 0.002345 -0.019341 -3.02448

[1]
@Object_Recognized:socket
@Closest_Object:socket_3
@Error Euler (degree):1.82708 -4.39148 28.6748
@Error Quaternion Axis:0.099111 -0.131913 0.986294
@Error Quaternion Angle (degree):29.1275
@Error Translation:-0.000655 -0.000642 0.000821
@Error Translation Length:0.00123086
@Estimate_result:
-0.209733 -0.0763296 -0.974774 -0.0816209 
0.310323 -0.9506 0.00766739 -0.062538 
-0.927206 -0.300887 0.223059 0.0414949 
0 0 0 1 
@Sensor_Pose(not sensor model):
0 0 0.8 4e-06 -0 -1e-06
@Object_Pose:
socket_1:0.016651 -0.015306 0.037879 -1.55255 0.180203 0.280422
socket_2:0.078062 -0.025233 0.039401 1.88881 -0.285206 -0.714264
socket_3:-0.080938 -0.062501 0.040471 -1.37684 0.744657 1.70195
socket_4:-0.019928 0.005393 0.037462 1.56782 1.52349 2.29465
socket_5:0.056404 0.003742 0.037415 1.57079 -1.28673 -0.683472
socket_6:-0.0708 0.011896 0.037398 1.5708 -1.07992 0.619923
socket_7:-0.002697 0.056756 0.037458 -1.57074 0.837978 -1.00504
socket_8:0.064955 0.048469 0.037404 1.57079 0.301549 1.19741
ground_plane:0 0 0 0 0 0
depth_sensor:0 0 0.8 -3e-06 1.57079 1.57079
table:-0.4 0.4 -0.35 0 0 0
smalltable:0 0.3 -0.35 0 0 0
fixer_ar07:-0.5 0 0 0 0 0
ar6aixs:-0.5 0 0 0 -0 1e-06
box:0 0 0 0 0 0
result_visualize_socket:-0.081621 -0.062538 0.041495 -0.932863 1.18688 2.16513

[2]
@Object_Recognized:socket
@Closest_Object:socket_2
@Error Euler (degree):-0.209923 0.1483 -174.413
@Error Quaternion Axis:-0.001205 -0.001895 0.999997
@Error Quaternion Angle (degree):185.587
@Error Translation:0.000154 0.000149 -0.000553
@Error Translation Length:0.000593082
@Estimate_result:
-0.680568 0.477447 -0.555764 0.0784201 
0.633575 0.00253212 -0.773677 -0.0249097 
-0.367983 -0.878658 -0.304222 0.0397459 
0 0 0 1 
@Sensor_Pose(not sensor model):
0 0 0.8 4e-06 -0 -1e-06
@Object_Pose:
socket_1:0.016651 -0.015306 0.037879 -1.55255 0.180203 0.280422
socket_2:0.078062 -0.025233 0.039401 1.88881 -0.285206 -0.714264
socket_4:-0.019928 0.005393 0.037462 1.56782 1.52349 2.29465
socket_5:0.056404 0.003742 0.037415 1.57079 -1.28673 -0.683472
socket_6:-0.0708 0.011896 0.037398 1.5708 -1.07992 0.619923
socket_7:-0.002697 0.056756 0.037458 -1.57074 0.837978 -1.00504
socket_8:0.064955 0.048469 0.037404 1.57079 0.301549 1.19741
ground_plane:0 0 0 0 0 0
depth_sensor:0 0 0.8 -3e-06 1.57079 1.57079
table:-0.4 0.4 -0.35 0 0 0
smalltable:0 0.3 -0.35 0 0 0
fixer_ar07:-0.5 0 0 0 0 0
ar6aixs:-0.5 0 0 0 0 -2e-06
box:0 0 0 0 0 0
result_visualize_socket:0.07842 -0.02491 0.039746 -1.90411 0.376838 2.39194

[3]
@Object_Recognized:socket
@Closest_Object:socket_1
@Error Euler (degree):2.11384 -4.01685 57.0705
@Error Quaternion Axis:0.068679 -0.045832 0.996585
@Error Quaternion Angle (degree):57.3094
@Error Translation:-0.000147 -0.000848 0.000227
@Error Translation Length:0.000890359
@Estimate_result:
0.345081 -0.900252 -0.265454 0.0166003 
0.188169 -0.210727 0.959264 -0.0151006 
-0.919517 -0.380974 0.0966818 0.0387435 
0 0 0 1 
@Sensor_Pose(not sensor model):
0 0 0.8 4e-06 -0 -1e-06
@Object_Pose:
socket_1:0.016651 -0.015306 0.037879 -1.55255 0.180203 0.280422
socket_4:-0.019928 0.005393 0.037462 1.56782 1.52349 2.29465
socket_5:0.056404 0.003742 0.037415 1.57079 -1.28673 -0.683472
socket_6:-0.0708 0.011896 0.037398 1.5708 -1.07992 0.619923
socket_7:-0.002697 0.056756 0.037458 -1.57074 0.837978 -1.00504
socket_8:0.064955 0.048469 0.037404 1.57079 0.301549 1.19741
ground_plane:0 0 0 0 0 0
depth_sensor:0 0 0.8 -3e-06 1.57079 1.57079
table:-0.4 0.4 -0.35 0 0 0
smalltable:0 0.3 -0.35 0 0 0
fixer_ar07:-0.5 0 0 0 0 0
ar6aixs:-0.5 0 0 0 0 -2e-06
box:0 0 0 0 0 0
result_visualize_socket:0.0166 -0.015101 0.038743 -1.32227 1.16685 0.499219

