[0]
@Object_Recognized:socket
@Closest_Object:socket_11
@Error Euler (degree):-0.48426 10.0469 -59.4485
@Error Quaternion Axis:0.07931 0.155845 -0.984592
@Error Quaternion Angle (degree):60.1747
@Error Translation:0.000895 -0.001654 -0.002338
@Error Translation Length:0.00300006
@Estimate_result:
-0.87607 0.254076 -0.409814 0.0812889 
0.237888 0.967021 0.0909931 -0.0519833 
0.419418 -0.0177734 -0.90762 0.0783038 
0 0 0 1 
@Sensor_Pose(not sensor model):
0 0 0.8 4e-06 -0 -1e-06
@Object_Pose:
socket_0:-0.040398 -0.02479 0.037457 -1.5708 1.51781 1.47757
socket_1:0.034558 -0.051504 0.037402 -1.57072 1.27367 -0.014735
socket_2:0.072614 -0.038773 0.037452 -1.57077 -0.138004 -0.158035
socket_3:-0.080641 0.003097 0.0374 -1.56973 1.47424 -1.44765
socket_4:0.014476 0.00255 0.03764 1.8444 -1.47832 -1.68121
socket_5:0.055025 0.000746 0.043378 0.036731 -0.045198 0.608141
socket_6:-0.058291 0.037896 0.042404 -3.14158 -0.000289 1.19251
socket_7:-0.016176 0.028214 0.042405 1.1e-05 -0.000314 -0.494809
socket_8:0.059979 0.042046 0.047035 0.940172 -0.314309 -0.484418
socket_9:-0.079697 -0.046349 0.046739 -0.784362 0.704528 1.5819
socket_10:-0.034435 -0.061776 0.042399 -2.2e-05 -5.8e-05 0.083547
socket_11:0.082472 -0.052289 0.075564 -2.9058 -0.107755 1.83456
socket_12:-0.034426 0.00135 0.060584 2.20858 1.03404 -1.46569
socket_13:0.006626 -0.027769 0.056887 -0.544996 0.822744 1.98706
socket_15:-0.02443 0.062136 0.042403 3.14141 -8e-05 -0.178581
socket_16:0.018864 0.056727 0.037418 1.57077 -0.117888 1.85361
ground_plane:0 0 0 0 0 0
depth_sensor:0 0 0.8 -3e-06 1.57079 1.57079
table:-0.4 0.4 -0.35 0 0 0
smalltable:0 0.3 -0.35 0 0 0
fixer_ar07:-0.5 0 0 0 0 0
ar6aixs:-0.5 -0 0 -0 -0 1e-06
box:0 0 0 0 0 0
result_visualize_socket:0.081289 -0.051983 0.078304 -3.12201 -0.432804 2.87645

