[0]
@Object_Recognized:socket
@Closest_Object:socket_8
@Error Euler (degree):0.074584 -0.432031 83.4014
@Error Quaternion Axis:0.004501 -0.00358 0.999983
@Error Quaternion Angle (degree):83.4026
@Error Translation:0.000149 9e-06 0.000168
@Error Translation Length:0.000224486
@Estimate_result:
-0.312911 0.455368 0.833503 0.0790646 
-0.811718 -0.583875 0.0142557 0.0308921 
0.493154 -0.672109 0.552331 0.0471334 
0 0 0 1 
@Sensor_Pose(not sensor model):
0 0 0.8 4e-06 -0 -1e-06
@Object_Pose:
socket_0:-0.033252 -0.034418 0.042407 3.14121 -0.000333 -0.420917
socket_1:0.016459 -0.034947 0.037398 -1.5708 0.687252 -2.29265
socket_2:0.07294 -0.049103 0.037424 -1.5708 1.29316 0.386297
socket_3:-0.077659 -0.015243 0.037453 -1.57069 -0.146753 0.53514
socket_4:-0.005696 0.004263 0.037399 1.57091 0.098164 -0.193548
socket_5:0.079714 -0.005604 0.043164 0.782363 1.14949 0.823997
socket_6:-0.059896 0.03291 0.0424 2.2e-05 -0 -2.14523
socket_7:-0.025327 0.052039 0.037416 -1.57064 -0.895208 -2.14846
socket_8:0.079 0.030826 0.046929 0.634281 -0.810396 2.35744
ground_plane:0 0 0 0 0 0
depth_sensor:0 0 0.8 -3e-06 1.57079 1.57079
table:-0.4 0.4 -0.35 0 0 0
smalltable:0 0.3 -0.35 0 0 0
fixer_ar07:-0.5 0 0 0 0 0
ar6aixs:-0.5 -0 0 -0 0 0
box:0 0 0 0 0 0
result_visualize_socket:0.079065 0.030892 0.047133 -0.88291 -0.515711 -1.93873

[1]
@Object_Recognized:socket
@Closest_Object:socket_5
@Error Euler (degree):-0.504864 0.114029 25.6718
@Error Quaternion Axis:-0.020327 -3.8e-05 0.999793
@Error Quaternion Angle (degree):25.6774
@Error Translation:-0.000161 2.4e-05 0.000171
@Error Translation Length:0.000236193
@Estimate_result:
0.2123 -0.204031 0.955667 0.0798313 
0.683741 0.729714 0.00389873 -0.00562921 
-0.698159 0.652601 0.294423 0.0433678 
0 0 0 1 
@Sensor_Pose(not sensor model):
0 0 0.8 4e-06 -0 -1e-06
@Object_Pose:
socket_0:-0.033252 -0.034418 0.042407 3.14121 -0.000333 -0.420917
socket_1:0.016459 -0.034947 0.037398 -1.5708 0.687252 -2.29265
socket_2:0.07294 -0.049103 0.037424 -1.5708 1.29316 0.386297
socket_3:-0.077659 -0.015243 0.037453 -1.57069 -0.146753 0.53514
socket_4:-0.005696 0.004263 0.037399 1.57091 0.098164 -0.193548
socket_5:0.079714 -0.005604 0.043164 0.782363 1.14949 0.823997
socket_6:-0.059896 0.03291 0.0424 2.2e-05 -0 -2.14523
socket_7:-0.025327 0.052039 0.037416 -1.57064 -0.895208 -2.14846
ground_plane:0 0 0 0 0 0
depth_sensor:0 0 0.8 -3e-06 1.57079 1.57079
table:-0.4 0.4 -0.35 0 0 0
smalltable:0 0.3 -0.35 0 0 0
fixer_ar07:-0.5 0 0 0 0 0
ar6aixs:-0.5 -0 -0 -0 0 1e-06
box:0 0 0 0 0 0
result_visualize_socket:0.079831 -0.005629 0.043368 1.14698 0.772824 1.26974

[2]
@Object_Recognized:socket
@Closest_Object:socket_3
@Error Euler (degree):0.460279 -4.39545 86.301
@Error Quaternion Axis:0.042586 -0.036856 0.998413
@Error Quaternion Angle (degree):86.4095
@Error Translation:0.000133 -0.000819 0.000247
@Error Translation Length:0.000865545
@Estimate_result:
0.140751 -0.845236 -0.515525 -0.0777744 
0.172665 -0.491772 0.853433 -0.0150245 
-0.974872 -0.209134 0.0767254 0.0382823 
0 0 0 1 
@Sensor_Pose(not sensor model):
0 0 0.8 4e-06 -0 -1e-06
@Object_Pose:
socket_0:-0.033252 -0.034418 0.042407 3.14121 -0.000333 -0.420917
socket_1:0.016459 -0.034947 0.037398 -1.5708 0.687252 -2.29265
socket_2:0.07294 -0.049103 0.037424 -1.5708 1.29316 0.386297
socket_3:-0.077659 -0.015243 0.037453 -1.57069 -0.146753 0.53514
socket_4:-0.005696 0.004263 0.037399 1.57091 0.098164 -0.193548
socket_6:-0.059896 0.03291 0.0424 2.2e-05 -0 -2.14523
socket_7:-0.025327 0.052039 0.037416 -1.57064 -0.895208 -2.14846
ground_plane:0 0 0 0 0 0
depth_sensor:0 0 0.8 -3e-06 1.57079 1.57079
table:-0.4 0.4 -0.35 0 0 0
smalltable:0 0.3 -0.35 0 0 0
fixer_ar07:-0.5 0 0 0 0 0
ar6aixs:-0.5 -0 0 -0 -0 -1e-06
box:0 0 0 0 0 0
result_visualize_socket:-0.077774 -0.015025 0.038282 -1.21917 1.34615 0.886877

[3]
@Object_Recognized:socket
@Closest_Object:socket_4
@Error Euler (degree):4.48954 -2.92644 -106.684
@Error Quaternion Axis:0.003626 -0.058154 -0.998301
@Error Quaternion Angle (degree):106.662
@Error Translation:-0.00066 0.000817 -0.001097
@Error Translation Length:0.00151883
@Estimate_result:
-0.381814 0.891553 -0.243622 -0.00605179 
0.0229231 -0.254376 -0.966834 0.00545045 
-0.923955 -0.374736 0.0766871 0.0382769 
0 0 0 1 
@Sensor_Pose(not sensor model):
0 0 0.8 4e-06 -0 -1e-06
@Object_Pose:
socket_0:-0.033252 -0.034418 0.042407 3.14121 -0.000333 -0.420917
socket_1:0.016459 -0.034947 0.037398 -1.5708 0.687252 -2.29265
socket_2:0.07294 -0.049103 0.037424 -1.5708 1.29316 0.386297
socket_4:-0.005696 0.004263 0.037399 1.57091 0.098164 -0.193548
socket_6:-0.059896 0.03291 0.0424 2.2e-05 -0 -2.14523
socket_7:-0.025327 0.052039 0.037416 -1.57064 -0.895208 -2.14846
ground_plane:0 0 0 0 0 0
depth_sensor:0 0 0.8 -3e-06 1.57079 1.57079
table:-0.4 0.4 -0.35 0 0 0
smalltable:0 0.3 -0.35 0 0 0
fixer_ar07:-0.5 0 0 0 0 0
ar6aixs:-0.5 -0 0 -0 -0 -1e-06
box:0 0 0 0 0 0
result_visualize_socket:-0.006052 0.00545 0.038277 -1.36894 1.17829 3.08163

[4]
@Object_Recognized:socket
@Closest_Object:socket_2
@Error Euler (degree):1.04334 -0.880468 -5.16059
@Error Quaternion Axis:0.188163 -0.173883 -0.966623
@Error Quaternion Angle (degree):5.33037
@Error Translation:-0.00024 -0.00034 5.7e-05
@Error Translation Length:0.000419461
@Estimate_result:
0.327155 -0.871201 -0.36603 0.0731602 
0.149653 -0.334691 0.930368 -0.0489517 
-0.933046 -0.359152 0.0208826 0.0377475 
0 0 0 1 
@Sensor_Pose(not sensor model):
0 0 0.8 4e-06 -0 -1e-06
@Object_Pose:
socket_0:-0.033252 -0.034418 0.042407 3.14121 -0.000333 -0.420917
socket_1:0.016459 -0.034947 0.037398 -1.5708 0.687252 -2.29265
socket_2:0.07294 -0.049103 0.037424 -1.5708 1.29316 0.386297
socket_6:-0.059896 0.03291 0.0424 2.2e-05 -0 -2.14523
socket_7:-0.025327 0.052039 0.037416 -1.57064 -0.895208 -2.14846
ground_plane:0 0 0 0 0 0
depth_sensor:0 0 0.8 -3e-06 1.57079 1.57079
table:-0.4 0.4 -0.35 0 0 0
smalltable:0 0.3 -0.35 0 0 0
fixer_ar07:-0.5 0 0 0 0 0
ar6aixs:-0.500004 1e-06 0 6e-06 2.9e-05 -4.3e-05
box:0 0 0 0 0 0
result_visualize_socket:0.07316 -0.048952 0.037748 -1.51272 1.20279 0.429023

[5]
@Object_Recognized:socket
@Closest_Object:socket_1
@Error Euler (degree):0.060386 -4.12049 29.5834
@Error Quaternion Axis:0.037595 -0.134371 0.990218
@Error Quaternion Angle (degree):29.8647
@Error Translation:-0.000624 -0.000422 0.000484
@Error Translation Length:0.000895411
@Estimate_result:
-0.182687 0.617531 0.765037 0.0169634 
-0.316257 0.699866 -0.640445 -0.0351061 
-0.930918 -0.358949 0.0674422 0.0381198 
0 0 0 1 
@Sensor_Pose(not sensor model):
0 0 0.8 4e-06 -0 -1e-06
@Object_Pose:
socket_0:-0.033252 -0.034418 0.042407 3.14121 -0.000333 -0.420917
socket_1:0.016459 -0.034947 0.037398 -1.5708 0.687252 -2.29265
socket_6:-0.059896 0.03291 0.0424 2.2e-05 -0 -2.14523
socket_7:-0.025327 0.052039 0.037416 -1.57064 -0.895208 -2.14846
ground_plane:0 0 0 0 0 0
depth_sensor:0 0 0.8 -3e-06 1.57079 1.57079
table:-0.4 0.4 -0.35 0 0 0
smalltable:0 0.3 -0.35 0 0 0
fixer_ar07:-0.5 0 0 0 0 0
ar6aixs:-0.500004 1e-06 0 5e-06 2.9e-05 -4.4e-05
box:0 0 0 0 0 0
result_visualize_socket:0.016963 -0.035106 0.03812 -1.38508 1.19692 -2.09462

[6]
@Object_Recognized:socket
@Closest_Object:socket_7
@Error Euler (degree):-0.065863 0.166387 -96.8655
@Error Quaternion Axis:0.000942 0.001862 -0.999998
@Error Quaternion Angle (degree):96.8655
@Error Translation:0.000111 -5.6e-05 0.000469
@Error Translation Length:0.00048555
@Estimate_result:
0.461322 -0.289081 0.838818 -0.0249481 
0.713325 -0.441349 -0.544407 0.0517612 
0.527589 0.849496 0.00260473 0.0375379 
0 0 0 1 
@Sensor_Pose(not sensor model):
0 0 0.8 4e-06 -0 -1e-06
@Object_Pose:
socket_0:-0.033252 -0.034418 0.042407 3.14121 -0.000333 -0.420917
socket_6:-0.059896 0.03291 0.0424 2.2e-05 -0 -2.14523
socket_7:-0.025327 0.052039 0.037416 -1.57064 -0.895208 -2.14846
ground_plane:0 0 0 0 0 0
depth_sensor:0 0 0.8 -3e-06 1.57079 1.57079
table:-0.4 0.4 -0.35 0 0 0
smalltable:0 0.3 -0.35 0 0 0
fixer_ar07:-0.5 0 0 0 0 0
ar6aixs:-0.500003 1e-06 -0 1e-05 2.1e-05 -4.9e-05
box:0 0 0 0 0 0
result_visualize_socket:-0.024948 0.051761 0.037538 1.56773 -0.555759 0.996731

[7]
@Object_Recognized:socket
@Closest_Object:socket_6
@Error Euler (degree):-0.250414 -0.153526 -3.11834
@Error Quaternion Axis:-0.081255 -0.046823 -0.995593
@Error Quaternion Angle (degree):3.13208
@Error Translation:0.000293 -0.000413 0.000209
@Error Translation Length:0.000547708
@Estimate_result:
-0.588171 0.808721 0.00513517 -0.0604018 
-0.808732 -0.588177 -0.000387111 0.0328859 
0.0027074 -0.00438067 0.999987 0.0426083 
0 0 0 1 
@Sensor_Pose(not sensor model):
0 0 0.8 4e-06 -0 -1e-06
@Object_Pose:
socket_0:-0.033251 -0.034427 0.042398 -3.1415 -8.1e-05 -0.420951
socket_6:-0.059896 0.032908 0.0424 -1.2e-05 -2.7e-05 -2.14517
ground_plane:0 0 0 0 0 0
depth_sensor:0 0 0.8 -3e-06 1.57079 1.57079
table:-0.4 0.4 -0.35 0 0 0
smalltable:0 0.3 -0.35 0 0 0
fixer_ar07:-0.5 0 0 0 0 0
ar6aixs:-0.500003 2e-06 -0 1.2e-05 2e-05 -4.7e-05
box:0 0 0 0 0 0
result_visualize_socket:-0.060402 0.032886 0.042608 -0.004381 -0.002707 -2.19959

[8]
@Object_Recognized:socket
@Closest_Object:socket_2
@Error Euler (degree):0.436915 -0.338397 43.5407
@Error Quaternion Axis:0.012499 -0.003581 0.999915
@Error Quaternion Angle (degree):43.5453
@Error Translation:0.000427 0.000134 2.4e-05
@Error Translation Length:0.000447958
@Estimate_result:
0.995205 -0.0976742 -0.00519001 0.0640087 
0.0976311 0.99519 -0.00808161 -0.0497102 
0.00595452 0.00753617 0.999954 0.0424231 
0 0 0 1 
@Sensor_Pose(not sensor model):
0 0 0.8 4e-06 -0 -1e-06
@Object_Pose:
socket_0:-0.067532 -0.051693 0.0424 3.14159 -0 -0.481543
socket_1:-0.002217 -0.041916 0.037398 -1.57086 -0.294525 -0.57474
socket_2:0.06359 -0.049553 0.042399 -3.1e-05 -9.7e-05 -0.66214
socket_3:-0.075665 -0.005388 0.037442 1.5708 -1.44212 -1.20779
socket_4:-0.013006 -0.000266 0.037397 1.56996 -1.4726 -1.39442
socket_5:0.05176 0.024834 0.037431 -1.5708 -0.075958 1.56228
socket_6:-0.085618 0.039259 0.037398 1.57085 -0.490885 -0.035188
socket_7:0.007156 0.062531 0.037469 -1.57079 0.747199 -1.5708
socket_8:0.052028 0.060728 0.037398 1.5708 0.098235 1.5628
ground_plane:0 0 0 0 0 0
depth_sensor:0 0 0.8 -3e-06 1.57079 1.57079
table:-0.4 0.4 -0.35 0 0 0
smalltable:0 0.3 -0.35 0 0 0
fixer_ar07:-0.5 0 0 0 0 0
ar6aixs:-0.500002 2e-06 -0 1.4e-05 1.9e-05 -4.5e-05
box:0 0 0 0 0 0
result_visualize_socket:-0.14 1 2 0 0 0

[9]
@Object_Recognized:socket
@Closest_Object:socket_7
@Error Euler (degree):0.684983 -4.61329 34.8505
@Error Quaternion Axis:0.05874 -0.121152 0.990894
@Error Quaternion Angle (degree):35.1789
@Error Translation:-0.000641 -0.000644 0.000142
@Error Translation Length:0.000919325
@Estimate_result:
0.0804309 0.0119166 0.996688 0.00729717 
-0.212989 0.977039 0.00550611 0.062564 
-0.973738 -0.212727 0.0811222 0.0383766 
0 0 0 1 
@Sensor_Pose(not sensor model):
0 0 0.8 4e-06 -0 -1e-06
@Object_Pose:
socket_0:-0.067532 -0.051693 0.0424 3.14159 -0 -0.481543
socket_1:-0.002217 -0.041916 0.037398 -1.57086 -0.294525 -0.57474
socket_3:-0.075665 -0.005388 0.037442 1.5708 -1.44212 -1.20779
socket_4:-0.013006 -0.000266 0.037397 1.56996 -1.4726 -1.39442
socket_5:0.05176 0.024834 0.037431 -1.5708 -0.075958 1.56228
socket_6:-0.085618 0.039259 0.037398 1.57085 -0.490885 -0.035188
socket_7:0.007156 0.062531 0.037469 -1.57079 0.747199 -1.5708
socket_8:0.052028 0.060728 0.037398 1.5708 0.098235 1.5628
ground_plane:0 0 0 0 0 0
depth_sensor:0 0 0.8 -3e-06 1.57079 1.57079
table:-0.4 0.4 -0.35 0 0 0
smalltable:0 0.3 -0.35 0 0 0
fixer_ar07:-0.5 0 0 0 0 0
ar6aixs:-0.500002 2e-06 -0 1.4e-05 1.9e-05 -4.5e-05
box:0 0 0 0 0 0
result_visualize_socket:0.007297 0.062564 0.038377 -1.20647 1.34111 -1.20972

[10]
@Object_Recognized:socket
@Closest_Object:socket_5
@Error Euler (degree):-0.550004 4.8683 -88.5887
@Error Quaternion Axis:0.037528 0.048289 -0.998128
@Error Quaternion Angle (degree):88.6726
@Error Translation:1.8e-05 -0.000941 -0.000361
@Error Translation Length:0.00100796
@Estimate_result:
0.084427 0.0180733 -0.996266 0.05212 
-0.0518391 0.998561 0.013722 0.0247781 
0.995081 0.0504871 0.0852424 0.0383709 
0 0 0 1 
@Sensor_Pose(not sensor model):
0 0 0.8 4e-06 -0 -1e-06
@Object_Pose:
socket_0:-0.067532 -0.051693 0.0424 3.14159 -0 -0.481543
socket_1:-0.002217 -0.041916 0.037398 -1.57086 -0.294525 -0.57474
socket_3:-0.075665 -0.005388 0.037442 1.5708 -1.44212 -1.20779
socket_4:-0.013006 -0.000266 0.037397 1.56996 -1.4726 -1.39442
socket_5:0.05176 0.024834 0.037431 -1.5708 -0.075958 1.56228
socket_6:-0.085618 0.039259 0.037398 1.57085 -0.490885 -0.035188
socket_8:0.052028 0.060728 0.037398 1.5708 0.098235 1.5628
ground_plane:0 0 0 0 0 0
depth_sensor:0 0 0.8 -3e-06 1.57079 1.57079
table:-0.4 0.4 -0.35 0 0 0
smalltable:0 0.3 -0.35 0 0 0
fixer_ar07:-0.5 0 0 0 0 0
ar6aixs:-0.500002 2e-06 -0 1.4e-05 1.9e-05 -4.5e-05
box:0 0 0 0 0 0
result_visualize_socket:0.05212 0.024778 0.038371 0.534723 -1.47156 -0.550661

[11]
@Object_Recognized:socket
@Closest_Object:socket_4
@Error Euler (degree):1.64002 -3.61374 163.262
@Error Quaternion Axis:0.033629 0.009665 0.999388
@Error Quaternion Angle (degree):163.324
@Error Translation:0.000797 8e-05 -0.000143
@Error Translation Length:0.000813837
@Estimate_result:
-0.128455 0.133407 -0.982702 -0.0128658 
0.362882 -0.915867 -0.171769 -0.0002388 
-0.922939 -0.37867 0.0692367 0.0381982 
0 0 0 1 
@Sensor_Pose(not sensor model):
0 0 0.8 4e-06 -0 -1e-06
@Object_Pose:
socket_0:-0.067532 -0.051693 0.0424 3.14159 -0 -0.481543
socket_1:-0.002217 -0.041916 0.037398 -1.57086 -0.294525 -0.57474
socket_3:-0.075665 -0.005388 0.037442 1.5708 -1.44212 -1.20779
socket_4:-0.013006 -0.000266 0.037397 1.56996 -1.4726 -1.39442
socket_6:-0.085618 0.039259 0.037398 1.57085 -0.490885 -0.035188
socket_8:0.052028 0.060728 0.037398 1.5708 0.098235 1.5628
ground_plane:0 0 0 0 0 0
depth_sensor:0 0 0.8 -3e-06 1.57079 1.57079
table:-0.4 0.4 -0.35 0 0 0
smalltable:0 0.3 -0.35 0 0 0
fixer_ar07:-0.5 0 0 0 0 0
ar6aixs:-0.500002 2e-06 -0 1.4e-05 1.9e-05 -4.5e-05
box:0 0 0 0 0 0
result_visualize_socket:-0.012866 -0.000239 0.038198 -1.38995 1.17565 1.91102

[12]
@Object_Recognized:socket
@Closest_Object:socket_8
@Error Euler (degree):2.17603 -3.59841 -102.073
@Error Quaternion Axis:-0.016043 -0.044368 -0.998886
@Error Quaternion Angle (degree):102.067
@Error Translation:-0.000172 0.000711 5.7e-05
@Error Translation Length:0.000733436
@Estimate_result:
0.0603345 0.045511 0.99714 0.0520843 
-0.303951 0.952358 -0.0250758 0.0606258 
-0.950776 -0.301568 0.0712932 0.0381217 
0 0 0 1 
@Sensor_Pose(not sensor model):
0 0 0.8 4e-06 -0 -1e-06
@Object_Pose:
socket_0:-0.067532 -0.051693 0.0424 3.14159 -0 -0.481543
socket_1:-0.002217 -0.041916 0.037398 -1.57086 -0.294525 -0.57474
socket_3:-0.075665 -0.005388 0.037442 1.5708 -1.44212 -1.20779
socket_6:-0.085618 0.039259 0.037398 1.57085 -0.490885 -0.035188
socket_8:0.052028 0.060728 0.037398 1.5708 0.098235 1.5628
ground_plane:0 0 0 0 0 0
depth_sensor:0 0 0.8 -3e-06 1.57079 1.57079
table:-0.4 0.4 -0.35 0 0 0
smalltable:0 0.3 -0.35 0 0 0
fixer_ar07:-0.5 0 0 0 0 0
ar6aixs:-0.500002 2e-06 -0 1.4e-05 1.9e-05 -4.5e-05
box:0 0 0 0 0 0
result_visualize_socket:0.052084 0.060626 0.038122 -1.33865 1.25573 -1.37484

[13]
@Object_Recognized:socket
@Closest_Object:socket_6
@Error Euler (degree):0.084099 0.408447 96.2072
@Error Quaternion Axis:-0.002906 0.003932 0.999988
@Error Quaternion Angle (degree):96.2076
@Error Translation:-3.5e-05 0.000249 9.8e-05
@Error Translation Length:0.000269886
@Estimate_result:
-0.563387 -0.82532 -0.0379605 -0.0857696 
0.0269104 0.027591 -0.999257 0.039167 
0.825755 -0.563991 0.00666513 0.0376012 
0 0 0 1 
@Sensor_Pose(not sensor model):
0 0 0.8 4e-06 -0 -1e-06
@Object_Pose:
socket_0:-0.067532 -0.051693 0.0424 3.14159 -0 -0.481543
socket_1:-0.002217 -0.041916 0.037398 -1.57086 -0.294525 -0.57474
socket_3:-0.075665 -0.005388 0.037442 1.5708 -1.44212 -1.20779
socket_6:-0.085618 0.039259 0.037398 1.57085 -0.490885 -0.035188
ground_plane:0 0 0 0 0 0
depth_sensor:0 0 0.8 -3e-06 1.57079 1.57079
table:-0.4 0.4 -0.35 0 0 0
smalltable:0 0.3 -0.35 0 0 0
fixer_ar07:-0.5 0 0 0 0 0
ar6aixs:-0.500002 2e-06 -0 1.4e-05 1.9e-05 -4.5e-05
box:0 0 0 0 0 0
result_visualize_socket:-0.08577 0.039167 0.037601 -1.55898 -0.971538 3.09386

[14]
@Object_Recognized:socket
@Closest_Object:socket_1
@Error Euler (degree):-0.391145 0.079201 -155.83
@Error Quaternion Axis:4e-05 -0.003561 0.999994
@Error Quaternion Angle (degree):204.171
@Error Translation:6.2e-05 -0.000169 0.000128
@Error Translation Length:0.000220968
@Estimate_result:
-0.833275 0.102909 0.543196 -0.00213878 
0.538078 -0.0747139 0.839578 -0.0418142 
0.126984 0.99188 0.00688431 0.037578 
0 0 0 1 
@Sensor_Pose(not sensor model):
0 0 0.8 4e-06 -0 -1e-06
@Object_Pose:
socket_0:-0.067532 -0.051693 0.0424 3.14159 -0 -0.481543
socket_1:-0.002217 -0.041916 0.037398 -1.57086 -0.294525 -0.57474
socket_3:-0.075665 -0.005388 0.037442 1.5708 -1.44212 -1.20779
ground_plane:0 0 0 0 0 0
depth_sensor:0 0 0.8 -3e-06 1.57079 1.57079
table:-0.4 0.4 -0.35 0 0 0
smalltable:0 0.3 -0.35 0 0 0
fixer_ar07:-0.5 0 0 0 0 0
ar6aixs:-0.500002 2e-06 -0 1.4e-05 1.9e-05 -4.5e-05
box:0 0 0 0 0 0
result_visualize_socket:-0.002139 -0.041814 0.037578 1.56385 -0.127328 2.56822

[15]
@Object_Recognized:socket
@Closest_Object:socket_3
@Error Euler (degree):-0.008731 0.448379 100.49
@Error Quaternion Axis:-0.003976 0.003179 0.999987
@Error Quaternion Angle (degree):100.49
@Error Translation:0.000189 9e-05 -0.000199
@Error Translation Length:0.000289156
@Estimate_result:
-0.347238 0.0194507 -0.937576 -0.0755018 
0.936199 -0.0507782 -0.347782 -0.00525636 
-0.0543729 -0.99852 -0.00057755 0.0376409 
0 0 0 1 
@Sensor_Pose(not sensor model):
0 0 0.8 4e-06 -0 -1e-06
@Object_Pose:
socket_0:-0.067532 -0.051693 0.0424 3.14159 -0 -0.481543
socket_3:-0.075665 -0.005388 0.037442 1.5708 -1.44212 -1.20779
ground_plane:0 0 0 0 0 0
depth_sensor:0 0 0.8 -3e-06 1.57079 1.57079
table:-0.4 0.4 -0.35 0 0 0
smalltable:0 0.3 -0.35 0 0 0
fixer_ar07:-0.5 0 0 0 0 0
ar6aixs:-0.500002 2e-06 -0 1.5e-05 1.9e-05 -4.4e-05
box:0 0 0 0 0 0
result_visualize_socket:-0.075502 -0.005256 0.037641 -1.57137 0.0544 1.92597

