[0]
@Object_Recognized:socket
@Closest_Object:socket_11
@Error Euler (degree):-0.507383 -0.497534 -63.5763
@Error Quaternion Axis:-0.011485 -0.002578 -0.999931
@Error Quaternion Angle (degree):63.582
@Error Translation:8.5e-05 0.000196 -0.000405
@Error Translation Length:0.000457379
@Estimate_result:
-0.911277 -0.294138 0.288197 0.0811734 
0.10347 0.513851 0.851616 -0.0481292 
-0.398584 0.805878 -0.437826 0.0858853 
0 0 0 1 
@Sensor_Pose(not sensor model):
0 0 0.8 4e-06 -0 -1e-06
@Object_Pose:
socket_0:-0.087374 -0.034473 0.046482 -1.01059 -0.239409 -0.123981
socket_1:0.01047 -0.048561 0.0424 4e-06 -1.5e-05 -0.166329
socket_2:0.084241 -0.056456 0.04671 0.083656 0.305126 1.92956
socket_3:-0.0774 0.004457 0.037418 -1.5708 1.28925 -1.85875
socket_4:0.005436 -0.007365 0.042393 3.14157 2.8e-05 -0.602458
socket_5:0.064874 -0.001321 0.042399 3.14148 0.000108 -1.88239
socket_6:-0.031793 0.055829 0.037398 1.57075 -0.883748 -1.98687
socket_7:0.003968 0.036651 0.037398 1.5708 0.09816 -0.385513
socket_8:0.037141 0.019878 0.037493 1.58395 -1.3294 -0.64396
socket_9:-0.059099 0.048046 0.062608 1.93718 0.043611 0.248146
socket_10:-0.033266 -0.061224 0.045303 -2.4643 -0.416389 2.27286
socket_11:0.08121 -0.047858 0.085519 2.13386 -0.573458 2.48965
socket_12:-0.032972 0.011633 0.045635 3.01898 -0.335111 -2.62221
socket_13:-0.032954 -0.025302 0.042398 -0.000105 -0.000103 -0.346075
socket_14:0.079221 0.019933 0.080206 -2.69659 1.17369 -2.51438
socket_15:-0.082743 0.056032 0.037413 -1.5708 0.108145 3.04541
socket_16:0.06145 0.052996 0.059332 -1.1932 0.434318 -2.89867
socket_17:0.087331 0.037438 0.037411 1.57148 -0.896833 3.11376
ground_plane:0 0 0 0 0 0
depth_sensor:0 0 0.8 -3e-06 1.57079 1.57079
table:-0.4 0.4 -0.35 0 0 0
smalltable:0 0.3 -0.35 0 0 0
fixer_ar07:-0.5 0 0 0 0 0
ar6aixs:-0.5 -0 0 -0 0 0
box:0 0 0 0 0 0
result_visualize_socket:0.081173 -0.048129 0.085885 2.06847 0.409972 3.02853

