[0]
@Object_Recognized:socket
@Closest_Object:socket_12
@Error Euler (degree):8.77587 -0.132473 128.087
@Error Quaternion Axis:0.038368 0.075892 0.996378
@Error Quaternion Angle (degree):128.261
@Error Translation:0.001462 0.001508 -0.001401
@Error Translation Length:0.00252453
@Estimate_result:
-0.0361707 -0.94279 0.331419 -0.0826868 
-0.998756 0.0227188 -0.0443748 0.00323827 
0.0343067 -0.332612 -0.942439 0.0869298 
0 0 0 1 
@Sensor_Pose(not sensor model):
0 0 0.8 4e-06 -0 -1e-06
@Object_Pose:
socket_0:-0.086345 -0.052669 0.043079 -0.039853 -0.004016 1.46169
socket_1:0.007733 -0.054068 0.042406 0.000148 -0.000307 0.742319
socket_2:0.087387 -0.053798 0.0424 5e-06 -2e-06 0.477307
socket_3:-0.059102 -0.002863 0.042408 0.00046 0.000239 -0.24826
socket_4:-0.014745 -0.025698 0.043009 -2.48728 -0.85186 0.1443
socket_5:0.06837 -0.013497 0.037428 1.57084 -0.078378 0.616764
socket_6:-0.079382 0.029195 0.045992 -2.60252 -0.290759 0.060394
socket_7:0.01025 0.06197 0.045249 2.84767 0.736687 -0.38417
socket_8:0.037008 0.026644 0.037402 1.5708 -1.08249 -2.49763
socket_9:-0.049794 -0.053888 0.048354 -0.606972 -0.034067 0.517705
socket_10:-0.020799 -0.06059 0.073641 -0.802755 0.482786 -1.5181
socket_11:0.053355 -0.062362 0.0424 3.14159 3e-06 -2.00667
socket_12:-0.084463 0.003524 0.085158 2.99713 -0.123303 0.640465
socket_13:-0.010877 0.021674 0.037397 1.57081 -0.882651 3.00891
socket_14:0.026604 -0.024077 0.05642 0.498362 -0.47659 -0.346857
socket_15:-0.086443 0.054118 0.078162 -0.68572 -0.702674 -0.50269
socket_16:0.048358 0.043835 0.066514 -1.83276 0.086555 0.158386
socket_17:0.079774 0.044992 0.037457 1.57038 1.42932 0.781114
ground_plane:0 0 0 0 0 0
depth_sensor:0 0 0.8 -3e-06 1.57079 1.57079
table:-0.4 0.4 -0.35 0 0 0
smalltable:0 0.3 -0.35 0 0 0
fixer_ar07:-0.5 0 0 0 0 0
ar6aixs:-0.5 -0 0 -0 0 0
box:0 0 0 0 0 0
result_visualize_socket:-0.082687 0.003238 0.08693 -2.80231 -0.034313 -1.607

