[0]
@Object_Recognized:socket
@Closest_Object:socket_3
@Error Euler (degree):179.85 0.916439 55.3083
@Error Quaternion Axis:0.885742 0.464133 -0.006475
@Error Quaternion Angle (degree):179.442
@Error Translation:-0.000121 1.8e-05 0.032357
@Error Translation Length:0.0323568
@Estimate_result:
0.994707 0.101557 -0.0156283 -0.0700001 
0.101503 -0.994826 -0.00424745 0.00128938 
-0.0159789 0.00263865 -0.999869 0.0747568 
0 0 0 1 
@Sensor_Pose(not sensor model):
0 0 0.8 4e-06 -0 -1e-06
@Object_Pose:
socket_0:-0.086839 -0.032281 0.048147 -0.790559 -0.049719 0.062037
socket_1:-0.051276 -0.056202 0.0424 -1.8e-05 -3.8e-05 -2.85729
socket_3:-0.069934 0.001186 0.0424 4e-06 -2.2e-05 -0.863621
socket_4:0.009993 -0.047905 0.037388 1.57079 1.07992 -0.248174
socket_5:0.050355 -0.029745 0.042109 3.10819 -1.09461 1.85188
socket_6:-0.035848 0.018408 0.037402 1.57083 1.08791 0.161057
socket_7:0.029565 0.018653 0.037458 1.57068 1.03236 0.311782
socket_8:0.057435 0.045983 0.0424 6.3e-05 -0 -1.11796
ground_plane:0 0 0 0 0 0
depth_sensor:0 0 0.8 -3e-06 1.57079 1.57079
table:-0.4 0.4 -0.35 0 0 0
smalltable:0 0.3 -0.35 0 0 0
fixer_ar07:-0.5 0 0 0 0 0
ar6aixs:-0.5 -0 0 -1e-06 -1e-06 3e-06
box:0 0 0 0 0 0
result_visualize_socket:0.069633 -0.062521 0.058487 1.81709 0.608406 1.71734

[1]
@Object_Recognized:socket
@Closest_Object:socket_6
@Error Euler (degree):-179.568 0.132508 -164.041
@Error Quaternion Axis:-0.138817 0.990312 -0.003574
@Error Quaternion Angle (degree):179.809
@Error Translation:-0.000355 -6.8e-05 0.03237
@Error Translation Length:0.0323718
@Estimate_result:
-0.54033 0.841438 -0.00509973 -0.0617365 
0.841451 0.540302 -0.00607864 0.0585775 
-0.00235917 -0.00757574 -0.999969 0.0747693 
0 0 0 1 
@Sensor_Pose(not sensor model):
0 0 0.8 4e-06 -0 -1e-06
@Object_Pose:
socket_0:-0.083061 -0.03482 0.0424 5e-06 4e-06 -1.3319
socket_1:0.03812 -0.041463 0.0424 3.14157 1.6e-05 0.152637
socket_2:0.083283 -0.016469 0.037403 -1.5708 -0.493917 -0.167175
socket_3:-0.068904 0.001135 0.042398 5.8e-05 -0.000107 0.629249
socket_4:-0.02841 -0.051706 0.037481 1.5708 -0.975913 -2.3867
socket_5:0.042893 0.02423 0.037448 -1.57079 -0.337377 2.51308
socket_6:-0.061569 0.058255 0.042399 -1.9e-05 -5.4e-05 -1.27851
socket_7:-0.03343 0.021205 0.03739 1.5708 -1.2775 -0.844782
socket_8:-0.010847 -0.019068 0.037398 1.57076 0.883524 1.07266
ground_plane:0 0 0 0 0 0
depth_sensor:0 0 0.8 -3e-06 1.57079 1.57079
table:-0.4 0.4 -0.35 0 0 0
smalltable:0 0.3 -0.35 0 0 0
fixer_ar07:-0.5 0 0 0 0 0
ar6aixs:-0.5 -0 0 -1e-06 -0 3e-06
box:0 0 0 0 0 0
result_visualize_socket:-0.061736 0.058578 0.074769 -3.13402 0.002359 2.14163

[2]
@Object_Recognized:socket
@Closest_Object:socket_0
@Error Euler (degree):-78.9185 67.3617 114.399
@Error Quaternion Axis:-0.647256 -0.21287 0.731947
@Error Quaternion Angle (degree):174.063
@Error Translation:0.044777 0.019475 -0.004209
@Error Translation Length:0.0490096
@Estimate_result:
-0.37908 0.925352 -0.00485638 -0.0734071 
-0.0666056 -0.0325193 -0.99725 -0.00970107 
-0.922964 -0.377713 0.0739609 0.0381917 
0 0 0 1 
@Sensor_Pose(not sensor model):
0 0 0.8 4e-06 -0 -1e-06
@Object_Pose:
socket_0:-0.065706 -0.057919 0.0424 -1.8e-05 -2.7e-05 1.31892
socket_2:0.03656 -0.061122 0.042399 3.14152 -1.3e-05 -2.97459
ground_plane:0 0 0 0 0 0
depth_sensor:0 0 0.8 -3e-06 1.57079 1.57079
table:-0.4 0.4 -0.35 0 0 0
smalltable:0 0.3 -0.35 0 0 0
fixer_ar07:-0.5 0 0 0 0 0
ar6aixs:-0.5 -0 0 -0 -0 2e-06
box:0 0 0 0 0 0
result_visualize_socket:-0.073407 -0.009701 0.038192 -1.37743 1.17571 -2.96767

