[0]
@Object_Recognized:socket
@Closest_Object:socket_2
@Error Euler (degree):0.161198 0.379431 77.6945
@Error Quaternion Axis:-0.001565 0.005518 0.999984
@Error Quaternion Angle (degree):77.6949
@Error Translation:-0.000219 -9.5e-05 -0.000583
@Error Translation Length:0.000629617
@Estimate_result:
-0.119821 0.160254 0.979777 0.0696327 
0.811765 0.583973 0.00375841 -0.0625208 
-0.571561 0.795798 -0.20006 0.0584867 
0 0 0 1 
@Sensor_Pose(not sensor model):
0 0 0.8 4e-06 -0 -1e-06
@Object_Pose:
socket_0:-0.086839 -0.032281 0.048147 -0.790559 -0.049719 0.062037
socket_1:-0.051276 -0.056202 0.0424 -1.8e-05 -3.8e-05 -2.85729
socket_2:0.070158 -0.062521 0.05814 -2.03248 1.12012 -1.99185
socket_3:-0.069934 0.001186 0.0424 4e-06 -2.2e-05 -0.863621
socket_4:0.009993 -0.047905 0.037388 1.57079 1.07992 -0.248174
socket_5:0.050355 -0.029745 0.042109 3.10819 -1.09461 1.85188
socket_6:-0.035848 0.018408 0.037402 1.57083 1.08791 0.161057
socket_7:0.029565 0.018653 0.037458 1.57068 1.03236 0.311782
socket_8:0.057435 0.045983 0.0424 6.3e-05 -0 -1.11796
ground_plane:0 0 0 0 0 0
depth_sensor:0 0 0.8 -3e-06 1.57079 1.57079
table:-0.4 0.4 -0.35 0 0 0
smalltable:0 0.3 -0.35 0 0 0
fixer_ar07:-0.5 0 0 0 0 0
ar6aixs:-0.5 -0 0 -0 0 0
box:0 0 0 0 0 0
result_visualize_socket:-0.14 1 2 0 0 0

[1]
@Object_Recognized:socket
@Closest_Object:socket_7
@Error Euler (degree):0.43151 0.611291 101.77
@Error Quaternion Axis:-0.002273 0.008103 0.999965
@Error Quaternion Angle (degree):101.77
@Error Translation:-9.7e-05 -6.1e-05 0.00014
@Error Translation Length:0.000180861
@Estimate_result:
0.291727 0.775956 -0.559274 0.051291 
-0.813156 -0.106692 -0.572184 0.0146158 
-0.50366 0.621698 0.599848 0.0476105 
0 0 0 1 
@Sensor_Pose(not sensor model):
0 0 0.8 4e-06 -0 -1e-06
@Object_Pose:
socket_0:-0.065707 -0.05792 0.0424 4e-06 -0 1.31877
socket_1:-0.035171 -0.01537 0.037391 1.57086 -0.687227 2.78698
socket_2:0.036562 -0.061116 0.042404 -3.14138 -0.000233 -2.97533
socket_3:-0.073327 -0.009612 0.037396 1.57096 -0.098161 -0.045148
socket_4:0.015686 -0.00729 0.037475 1.5708 -1.14977 -2.09594
socket_5:0.06811 -0.021884 0.037398 1.57079 -0.883544 -1.60519
socket_6:-0.033275 0.032295 0.037478 1.5708 1.55042 -0.183361
socket_7:0.051297 0.014673 0.047439 -0.787661 0.5268 2.82717
socket_8:-0.004758 -0.054714 0.037475 -1.5708 -0.418743 -0.130637
ground_plane:0 0 0 0 0 0
depth_sensor:0 0 0.8 -3e-06 1.57079 1.57079
table:-0.4 0.4 -0.35 0 0 0
smalltable:0 0.3 -0.35 0 0 0
fixer_ar07:-0.5 0 0 0 0 0
ar6aixs:-0.5 -0 0 -0 0 1e-06
box:0 0 0 0 0 0
result_visualize_socket:0.051291 0.014616 0.04761 0.803283 0.52783 -1.22634

[2]
@Object_Recognized:socket
@Closest_Object:socket_4
@Error Euler (degree):2.96948 -2.00702 173.172
@Error Quaternion Axis:0.019053 0.024862 0.999509
@Error Quaternion Angle (degree):173.228
@Error Translation:0.000908 0.000502 7.9e-05
@Error Translation Length:0.0010409
@Estimate_result:
0.227378 -0.474642 -0.850303 0.0156614 
0.462283 -0.715904 0.523238 -0.00717526 
-0.857085 -0.512053 0.0566374 0.0385089 
0 0 0 1 
@Sensor_Pose(not sensor model):
0 0 0.8 4e-06 -0 -1e-06
@Object_Pose:
socket_0:-0.065707 -0.05792 0.0424 4e-06 -0 1.31877
socket_1:-0.035171 -0.01537 0.037391 1.57086 -0.687227 2.78698
socket_2:0.036562 -0.061116 0.042404 -3.14138 -0.000233 -2.97533
socket_3:-0.073327 -0.009612 0.037396 1.57096 -0.098161 -0.045148
socket_4:0.015686 -0.00729 0.037475 1.5708 -1.14977 -2.09594
socket_5:0.06811 -0.021884 0.037398 1.57079 -0.883544 -1.60519
socket_6:-0.033275 0.032295 0.037478 1.5708 1.55042 -0.183361
socket_8:-0.004758 -0.054714 0.037475 -1.5708 -0.418743 -0.130637
ground_plane:0 0 0 0 0 0
depth_sensor:0 0 0.8 -3e-06 1.57079 1.57079
table:-0.4 0.4 -0.35 0 0 0
smalltable:0 0.3 -0.35 0 0 0
fixer_ar07:-0.5 0 0 0 0 0
ar6aixs:-0.5 -0 0 -1e-06 -1e-06 4e-06
box:0 0 0 0 0 0
result_visualize_socket:0.015661 -0.007175 0.038509 -1.46064 1.02958 1.11368

[3]
@Object_Recognized:socket
@Closest_Object:socket_6
@Error Euler (degree):1.31751 -3.99583 -25.1011
@Error Quaternion Axis:0.016559 -0.166136 -0.985964
@Error Quaternion Angle (degree):25.4003
@Error Translation:-0.000768 0.000106 0.000272
@Error Translation Length:0.000821995
@Estimate_result:
-0.410612 0.894914 -0.174719 -0.0332356 
0.00527344 -0.189284 -0.981908 0.0320104 
-0.911795 -0.404105 0.0730031 0.0382483 
0 0 0 1 
@Sensor_Pose(not sensor model):
0 0 0.8 4e-06 -0 -1e-06
@Object_Pose:
socket_0:-0.065707 -0.05792 0.0424 4e-06 -0 1.31877
socket_1:-0.035171 -0.01537 0.037391 1.57086 -0.687227 2.78698
socket_2:0.036562 -0.061116 0.042404 -3.14138 -0.000233 -2.97533
socket_3:-0.073327 -0.009612 0.037396 1.57096 -0.098161 -0.045148
socket_5:0.06811 -0.021884 0.037398 1.57079 -0.883544 -1.60519
socket_6:-0.033275 0.032295 0.037478 1.5708 1.55042 -0.183361
socket_8:-0.004758 -0.054714 0.037475 -1.5708 -0.418743 -0.130637
ground_plane:0 0 0 0 0 0
depth_sensor:0 0 0.8 -3e-06 1.57079 1.57079
table:-0.4 0.4 -0.35 0 0 0
smalltable:0 0.3 -0.35 0 0 0
fixer_ar07:-0.5 0 0 0 0 0
ar6aixs:-0.5 -0 0 -1e-06 -1e-06 4e-06
box:0 0 0 0 0 0
result_visualize_socket:-0.033236 0.03201 0.038248 -1.39207 1.14763 3.12875

[4]
@Object_Recognized:socket
@Closest_Object:socket_8
@Error Euler (degree):0.277952 0.109819 29.5703
@Error Quaternion Axis:0.008232 0.006056 0.999948
@Error Quaternion Angle (degree):29.5715
@Error Translation:0.000132 -9.8e-05 0.000162
@Error Translation Length:0.000230901
@Estimate_result:
0.986533 -0.0957312 0.132623 -0.00465727 
-0.131549 0.0174705 0.991155 -0.0545639 
-0.0972015 -0.995254 0.00464204 0.0376185 
0 0 0 1 
@Sensor_Pose(not sensor model):
0 0 0.8 4e-06 -0 -1e-06
@Object_Pose:
socket_0:-0.065707 -0.05792 0.0424 4e-06 -0 1.31877
socket_1:-0.035171 -0.01537 0.037391 1.57086 -0.687227 2.78698
socket_2:0.036562 -0.061116 0.042404 -3.14138 -0.000233 -2.97533
socket_3:-0.073327 -0.009612 0.037396 1.57096 -0.098161 -0.045148
socket_5:0.06811 -0.021884 0.037398 1.57079 -0.883544 -1.60519
socket_8:-0.004758 -0.054714 0.037475 -1.5708 -0.418743 -0.130637
ground_plane:0 0 0 0 0 0
depth_sensor:0 0 0.8 -3e-06 1.57079 1.57079
table:-0.4 0.4 -0.35 0 0 0
smalltable:0 0.3 -0.35 0 0 0
fixer_ar07:-0.5 0 0 0 0 0
ar6aixs:-0.5 -0 0 -1e-06 -1e-06 4e-06
box:0 0 0 0 0 0
result_visualize_socket:-0.004657 -0.054564 0.037618 -1.56613 0.097355 -0.132563

[5]
@Object_Recognized:socket
@Closest_Object:socket_3
@Error Euler (degree):0.727177 -4.21689 -117.655
@Error Quaternion Axis:-0.03295 -0.028595 -0.999048
@Error Quaternion Angle (degree):117.676
@Error Translation:5e-05 0.000806 -0.000153
@Error Translation Length:0.000822122
@Estimate_result:
-0.377012 0.925748 -0.0291922 -0.0733492 
-0.0564313 -0.0544185 -0.996922 -0.00945793 
-0.924487 -0.374205 0.0727576 0.0382032 
0 0 0 1 
@Sensor_Pose(not sensor model):
0 0 0.8 4e-06 -0 -1e-06
@Object_Pose:
socket_0:-0.065707 -0.05792 0.0424 4e-06 -0 1.31877
socket_1:-0.035171 -0.01537 0.037391 1.57086 -0.687227 2.78698
socket_2:0.036562 -0.061116 0.042404 -3.14138 -0.000233 -2.97533
socket_3:-0.073327 -0.009612 0.037396 1.57096 -0.098161 -0.045148
socket_5:0.06811 -0.021884 0.037398 1.57079 -0.883544 -1.60519
ground_plane:0 0 0 0 0 0
depth_sensor:0 0 0.8 -3e-06 1.57079 1.57079
table:-0.4 0.4 -0.35 0 0 0
smalltable:0 0.3 -0.35 0 0 0
fixer_ar07:-0.5 0 0 0 0 0
ar6aixs:-0.5 -0 0 -0 0 0
box:0 0 0 0 0 0
result_visualize_socket:-0.004657 -0.054564 0.037618 -1.56613 0.097355 -0.132563

[6]
@Object_Recognized:socket
@Closest_Object:socket_1
@Error Euler (degree):0.52548 -0.382171 -148.118
@Error Quaternion Axis:0.002025 0.005538 0.999983
@Error Quaternion Angle (degree):211.884
@Error Translation:0.000111 0.000155 0.000546
@Error Translation Length:0.000578779
@Estimate_result:
0.303622 -0.884867 0.353307 -0.0349696 
-0.105343 0.337362 0.935463 -0.0148618 
-0.946952 -0.321245 0.00921614 0.0375817 
0 0 0 1 
@Sensor_Pose(not sensor model):
0 0 0.8 4e-06 -0 -1e-06
@Object_Pose:
socket_0:-0.065707 -0.05792 0.0424 4e-06 -0 1.31877
socket_1:-0.035171 -0.01537 0.037391 1.57086 -0.687227 2.78698
socket_2:0.036562 -0.061116 0.042404 -3.14138 -0.000233 -2.97533
socket_5:0.06811 -0.021884 0.037398 1.57079 -0.883544 -1.60519
ground_plane:0 0 0 0 0 0
depth_sensor:0 0 0.8 -3e-06 1.57079 1.57079
table:-0.4 0.4 -0.35 0 0 0
smalltable:0 0.3 -0.35 0 0 0
fixer_ar07:-0.5 0 0 0 0 0
ar6aixs:-0.5 -0 0 -0 1e-06 -2e-06
box:0 0 0 0 0 0
result_visualize_socket:-0.03497 -0.014862 0.037582 -1.54212 1.24361 -0.333959

[7]
@Object_Recognized:socket
@Closest_Object:socket_5
@Error Euler (degree):1.25881 -4.09126 -159.635
@Error Quaternion Axis:0.033723 0.01739 0.99928
@Error Quaternion Angle (degree):200.396
@Error Translation:0.000639 0.000511 9.6e-05
@Error Translation Length:0.000823716
@Estimate_result:
-0.0601328 -0.0544206 -0.996706 0.0680139 
0.327185 -0.944425 0.0318265 -0.0218908 
-0.943045 -0.324193 0.0745966 0.0382156 
0 0 0 1 
@Sensor_Pose(not sensor model):
0 0 0.8 4e-06 -0 -1e-06
@Object_Pose:
socket_0:-0.065707 -0.05792 0.0424 4e-06 -0 1.31877
socket_2:0.036562 -0.061116 0.042404 -3.14138 -0.000233 -2.97533
socket_5:0.06811 -0.021884 0.037398 1.57079 -0.883544 -1.60519
ground_plane:0 0 0 0 0 0
depth_sensor:0 0 0.8 -3e-06 1.57079 1.57079
table:-0.4 0.4 -0.35 0 0 0
smalltable:0 0.3 -0.35 0 0 0
fixer_ar07:-0.5 0 0 0 0 0
ar6aixs:-0.5 -0 0 -1e-06 -0 -1e-06
box:0 0 0 0 0 0
result_visualize_socket:0.068014 -0.021891 0.038216 -1.34463 1.23167 1.75256

