[0]
@Object_Recognized:alloy_rod_0_03m
@Closest_Object:alloy_rod_0_03m_1
@Error Euler (degree):-0.353557 -39.2408 0.269517
@Error Quaternion Axis:-0.006303 -0.999974 0.003512
@Error Quaternion Angle (degree):39.2424
@Error Translation:0.012877 1.1e-05 -0.005788
@Error Translation Length:0.0141183
@Estimate_result:
0.949725 0.0118501 -0.312861 0.00198942 
-0.142489 0.906156 -0.398218 -0.0607253 
0.278782 0.422777 0.862288 0.0167278 
0 0 0 1 
@Sensor_Pose(not sensor model):
0 0 0.8 4e-06 -0 -1e-06
@Object_Pose:
alloy_rod_0_03m_0:-0.082048 -0.071752 0.049958 0.000294 1.57077 0.144625
alloy_rod_0_03m_1:-0.007957 -0.06488 0.025846 0.468826 0.336199 0.14974
alloy_rod_0_03m_2:0.093888 -0.078398 0.014107 -0.000153 -0.969595 0.021151
alloy_rod_0_03m_3:-0.060795 0.018315 0.053626 2.59024 0.800235 1.82539
alloy_rod_0_03m_4:-0.007928 0.000725 0.016828 2.9e-05 -0.239931 -0.193644
alloy_rod_0_03m_5:0.038866 -0.02027 0.052972 -3.14159 0.228597 2.67341
alloy_rod_0_03m_6:-0.102064 0.215195 0.035519 3.14159 0.534665 -0.046802
alloy_rod_0_03m_7:0.013286 0.219758 0.03292 -3.14159 0.224444 -0.10642
alloy_rod_0_03m_8:0.063535 0.035961 0.045174 -0.793061 -1.0262 -2.6391
ground_plane:0 0 0 0 0 0
depth_sensor:0 0 0.8 -3e-06 1.57079 1.57079
box:0 0 0 0 0 0
result_visualize_alloy_rod_0_03m:0.001989 -0.060725 0.016728 0.455855 -0.282526 -0.148921

[1]
@Object_Recognized:alloy_rod_0_03m
@Closest_Object:alloy_rod_0_03m_0
@Error Euler (degree):-179.478 44.981 -179.27
@Error Quaternion Axis:-0.004488 0.999988 -0.001914
@Error Quaternion Angle (degree):135.017
@Error Translation:0.015519 6.7e-05 0.0364
@Error Translation Length:0.03957
@Estimate_result:
-0.411229 0.542263 0.732695 -0.0969397 
-0.906188 -0.330114 -0.264288 0.00326816 
0.0985597 -0.772642 0.627145 0.0806497 
0 0 0 1 
@Sensor_Pose(not sensor model):
0 0 0.8 4e-06 -0 -1e-06
@Object_Pose:
alloy_rod_0_03m_0:-0.101065 -0.033988 0.093329 -2.15212 -0.388171 0.515369
alloy_rod_0_03m_1:-0.01957 -0.026875 0.022291 -9.8e-05 0.143245 -0.578155
alloy_rod_0_03m_2:0.054669 -0.042096 0.014028 0.256842 -0.650441 -0.243938
alloy_rod_0_03m_3:-0.098148 0.066676 0.021612 3.14159 -1.46802 0.18641
alloy_rod_0_03m_4:-0.030456 0.055837 0.014474 2e-06 -0.521406 -3.06288
alloy_rod_0_03m_5:0.073941 -0.001983 0.021117 -1e-06 0.074526 0.031677
alloy_rod_0_03m_6:-0.071657 0.21576 0.00436 -2.3e-05 0.260633 3.05152
alloy_rod_0_03m_7:-0.002356 0.215823 0.006744 0 0.387091 3.05152
alloy_rod_0_03m_8:0.082985 0.222551 0.03292 -3.14159 0.224446 -0.171641
ground_plane:0 0 0 0 0 0
depth_sensor:0 0 0.8 -3e-06 1.57079 1.57079
box:0 0 0 0 0 0
result_visualize_alloy_rod_0_03m:-0.09694 0.003268 0.08065 -0.888969 -0.09872 -1.99681

[2]
@Object_Recognized:alloy_rod_0_03m
@Closest_Object:alloy_rod_0_03m_5
@Error Euler (degree):179.739 55.9622 177.037
@Error Quaternion Axis:0.024645 0.999631 -0.011456
@Error Quaternion Angle (degree):124.052
@Error Translation:0.007214 0.001149 0.035193
@Error Translation Length:0.0359431
@Estimate_result:
0.484048 0.0409319 0.874084 0.0576357 
0.869368 -0.136062 -0.475065 -0.018994 
0.0994839 0.989854 -0.101445 0.0228194 
0 0 0 1 
@Sensor_Pose(not sensor model):
0 0 0.8 4e-06 -0 -1e-06
@Object_Pose:
alloy_rod_0_03m_0:-0.061028 -0.066855 0.01411 5.9e-05 -0.972375 0.320867
alloy_rod_0_03m_1:0.000771 -0.041586 0.05024 3.14153 1.553 2.57185
alloy_rod_0_03m_2:0.03766 0.068067 0.094031 -1.83734 -0.447977 -0.81563
alloy_rod_0_03m_3:-0.05437 -0.000522 0.054385 -3.14159 0.371846 0.330562
alloy_rod_0_03m_4:-0.053113 0.031525 0.051013 -3.14159 0.072948 0.763885
alloy_rod_0_03m_5:0.08566 0.00351 0.023154 1.59403 0.092281 -1.09631
alloy_rod_0_03m_6:-0.067257 0.124679 -0.00614 -5.9e-05 -0.683972 0.01561
alloy_rod_0_03m_7:0.015254 0.058727 0.099817 -1.55844 -0.027563 2.90943
alloy_rod_0_03m_8:0.095323 0.215341 0.001121 -0 0.074816 -3.10206
ground_plane:0 0 0 0 0 0
depth_sensor:0 0 0.8 -3e-06 1.57079 1.57079
box:0 0 0 0 0 0
result_visualize_alloy_rod_0_03m:0.057636 -0.018994 0.022819 1.67292 -0.099649 1.06276

