[0]
@Object_Recognized:socket
@Closest_Object:socket_2
@Error Euler (degree):-1.48364 -0.136181 9.55548
@Error Quaternion Axis:-0.151914 -0.026845 0.988029
@Error Quaternion Angle (degree):9.66878
@Error Translation:-5.2e-05 -0.000324 0.000285
@Error Translation Length:0.000434578
@Estimate_result:
0.974334 0.22506 0.0047354 0.0873354 
-0.194467 0.830923 0.521296 -0.0537729 
0.113388 -0.508837 0.853363 0.0531429 
0 0 0 1 
@Sensor_Pose(not sensor model):
0 0 0.8 4e-06 -0 -1e-06
@Object_Pose:
socket_0:-0.065907 -0.046361 0.037469 -1.57091 -0.560377 -0.646504
socket_1:-0.008665 -0.054978 0.037397 1.57075 0.294458 -1.95698
socket_2:0.087507 -0.053673 0.052756 -0.489235 -0.191729 -0.346158
socket_3:-0.079866 0.017365 0.03742 -1.5708 -0.476476 1.72625
socket_4:0.023625 -0.029692 0.03739 1.57094 -0.09897 -1.89117
socket_5:0.06924 -0.022845 0.039679 -1.94941 -0.558969 0.767119
socket_6:-0.052992 0.061254 0.037411 -1.5708 -0.695467 1.39935
socket_7:-0.021973 0.017854 0.037436 1.57079 -1.30641 -2.91874
socket_8:0.066802 0.032693 0.037445 -1.5708 0.064815 -0.213974
ground_plane:0 0 0 0 0 0
depth_sensor:0 0 0.8 -3e-06 1.57079 1.57079
box:0 0 0 0 0 0
result_visualize_socket:0.087335 -0.053773 0.053143 -0.537674 -0.113633 -0.197001

[1]
@Object_Recognized:socket
@Closest_Object:socket_5
@Error Euler (degree):0.718985 -4.50991 101.23
@Error Quaternion Axis:0.04446 -0.026013 0.998672
@Error Quaternion Angle (degree):101.333
@Error Translation:0.000445 -0.000719 0.000266
@Error Translation Length:0.000886306
@Estimate_result:
0.439618 -0.724429 -0.530981 0.068938 
0.023267 -0.581788 0.813009 -0.0224235 
-0.897884 -0.369767 -0.238909 0.0403976 
0 0 0 1 
@Sensor_Pose(not sensor model):
0 0 0.8 4e-06 -0 -1e-06
@Object_Pose:
socket_0:-0.065907 -0.046361 0.037469 -1.57091 -0.560377 -0.646504
socket_1:-0.008665 -0.054978 0.037397 1.57075 0.294458 -1.95698
socket_3:-0.079866 0.017365 0.03742 -1.5708 -0.476476 1.72625
socket_4:0.023625 -0.029692 0.03739 1.57094 -0.09897 -1.89117
socket_5:0.06924 -0.022845 0.039679 -1.94941 -0.558969 0.767119
socket_6:-0.052992 0.061254 0.037411 -1.5708 -0.695467 1.39935
socket_7:-0.021973 0.017854 0.037436 1.57079 -1.30641 -2.91874
socket_8:0.066802 0.032693 0.037445 -1.5708 0.064815 -0.213974
ground_plane:0 0 0 0 0 0
depth_sensor:0 0 0.8 -3e-06 1.57079 1.57079
box:0 0 0 0 0 0
result_visualize_socket:0.068938 -0.022424 0.040398 -2.14443 1.11494 0.052876

[2]
@Object_Recognized:socket
@Closest_Object:socket_7
@Error Euler (degree):3.0604 -3.43046 172.649
@Error Quaternion Axis:0.031634 0.024769 0.999193
@Error Quaternion Angle (degree):172.747
@Error Translation:0.000739 0.000326 0.000231
@Error Translation Length:0.000840072
@Estimate_result:
0.359312 -0.912727 -0.194485 -0.0219057 
0.142778 -0.152183 0.977985 0.0181061 
-0.922231 -0.379171 0.0756368 0.0382344 
0 0 0 1 
@Sensor_Pose(not sensor model):
0 0 0.8 4e-06 -0 -1e-06
@Object_Pose:
socket_0:-0.065907 -0.046361 0.037469 -1.57091 -0.560377 -0.646504
socket_1:-0.008665 -0.054978 0.037397 1.57075 0.294458 -1.95698
socket_3:-0.079866 0.017365 0.03742 -1.5708 -0.476476 1.72625
socket_4:0.023625 -0.029692 0.03739 1.57094 -0.09897 -1.89117
socket_6:-0.052992 0.061254 0.037411 -1.5708 -0.695467 1.39935
socket_7:-0.021973 0.017854 0.037436 1.57079 -1.30641 -2.91874
socket_8:0.066802 0.032693 0.037445 -1.5708 0.064815 -0.213974
ground_plane:0 0 0 0 0 0
depth_sensor:0 0 0.8 -3e-06 1.57079 1.57079
box:0 0 0 0 0 0
result_visualize_socket:-0.021906 0.018106 0.038234 -1.3739 1.17381 0.378232

[3]
@Object_Recognized:socket
@Closest_Object:socket_8
@Error Euler (degree):1.63323 -4.30932 61.05
@Error Quaternion Axis:0.061549 -0.049356 0.996883
@Error Quaternion Angle (degree):61.2682
@Error Translation:-5.5e-05 -0.000796 0.000391
@Error Translation Length:0.000888609
@Estimate_result:
0.431408 -0.878426 0.205559 0.0668813 
-0.0168509 0.219967 0.975362 0.0330767 
-0.901999 -0.424243 0.0800934 0.0382427 
0 0 0 1 
@Sensor_Pose(not sensor model):
0 0 0.8 4e-06 -0 -1e-06
@Object_Pose:
socket_0:-0.065907 -0.046361 0.037469 -1.57091 -0.560377 -0.646504
socket_1:-0.008665 -0.054978 0.037397 1.57075 0.294458 -1.95698
socket_3:-0.079866 0.017365 0.03742 -1.5708 -0.476476 1.72625
socket_4:0.023625 -0.029692 0.03739 1.57094 -0.09897 -1.89117
socket_6:-0.052992 0.061254 0.037411 -1.5708 -0.695467 1.39935
socket_8:0.066802 0.032693 0.037445 -1.5708 0.064815 -0.213974
ground_plane:0 0 0 0 0 0
depth_sensor:0 0 0.8 -3e-06 1.57079 1.57079
box:0 0 0 0 0 0
result_visualize_socket:0.066881 0.033077 0.038243 -1.3842 1.12438 -0.039041

[4]
@Object_Recognized:socket
@Closest_Object:socket_4
@Error Euler (degree):1.25545 -3.7238 -112.849
@Error Quaternion Axis:-0.02522 -0.032514 -0.999153
@Error Quaternion Angle (degree):112.853
@Error Translation:8.2e-05 0.000759 -5.9e-05
@Error Translation Length:0.000765707
@Estimate_result:
0.0312945 -0.321629 -0.94635 0.0236792 
0.30014 -0.900093 0.315833 -0.0297166 
-0.953382 -0.29392 0.0683654 0.0381537 
0 0 0 1 
@Sensor_Pose(not sensor model):
0 0 0.8 4e-06 -0 -1e-06
@Object_Pose:
socket_0:-0.065907 -0.046361 0.037469 -1.57091 -0.560377 -0.646504
socket_1:-0.008665 -0.054978 0.037397 1.57075 0.294458 -1.95698
socket_3:-0.079866 0.017365 0.03742 -1.5708 -0.476476 1.72625
socket_4:0.023625 -0.029692 0.03739 1.57094 -0.09897 -1.89117
socket_6:-0.052992 0.061254 0.037411 -1.5708 -0.695467 1.39935
ground_plane:0 0 0 0 0 0
depth_sensor:0 0 0.8 -3e-06 1.57079 1.57079
box:0 0 0 0 0 0
result_visualize_socket:0.023679 -0.029717 0.038154 -1.34226 1.26425 1.4669

[5]
@Object_Recognized:socket
@Closest_Object:socket_1
@Error Euler (degree):2.48787 -3.68847 -91.8292
@Error Quaternion Axis:-0.011159 -0.05286 -0.99854
@Error Quaternion Angle (degree):91.8329
@Error Translation:-0.000453 0.000683 0.000264
@Error Translation Length:0.000860806
@Estimate_result:
0.0608755 -0.396903 -0.915839 -0.0088207 
0.320641 -0.861134 0.394508 -0.0546605 
-0.945243 -0.317672 0.0748415 0.0381825 
0 0 0 1 
@Sensor_Pose(not sensor model):
0 0 0.8 4e-06 -0 -1e-06
@Object_Pose:
socket_0:-0.065907 -0.046361 0.037469 -1.57091 -0.560377 -0.646504
socket_1:-0.008665 -0.054978 0.037397 1.57075 0.294458 -1.95698
socket_3:-0.079866 0.017365 0.03742 -1.5708 -0.476476 1.72625
socket_6:-0.052992 0.061254 0.037411 -1.5708 -0.695467 1.39935
ground_plane:0 0 0 0 0 0
depth_sensor:0 0 0.8 -3e-06 1.57079 1.57079
box:0 0 0 0 0 0
result_visualize_socket:-0.008821 -0.054661 0.038182 -1.33942 1.23834 1.38317

[6]
@Object_Recognized:socket
@Closest_Object:socket_0
@Error Euler (degree):-0.673089 0.163205 -97.9332
@Error Quaternion Axis:-0.003688 0.007113 -0.999968
@Error Quaternion Angle (degree):97.9341
@Error Translation:0.000118 -0.000199 -0.00012
@Error Translation Length:0.000260665
@Estimate_result:
-0.51515 0.603997 0.608119 -0.0659833 
0.385353 -0.470537 0.793787 -0.0464534 
0.765588 0.64326 0.00964508 0.0377001 
0 0 0 1 
@Sensor_Pose(not sensor model):
0 0 0.8 4e-06 -0 -1e-06
@Object_Pose:
socket_0:-0.065907 -0.046361 0.037469 -1.57091 -0.560377 -0.646504
socket_3:-0.079866 0.017365 0.03742 -1.5708 -0.476476 1.72625
socket_6:-0.052992 0.061254 0.037411 -1.5708 -0.695467 1.39935
ground_plane:0 0 0 0 0 0
depth_sensor:0 0 0.8 -3e-06 1.57079 1.57079
box:0 0 0 0 0 0
result_visualize_socket:-0.065983 -0.046453 0.0377 1.5558 -0.871954 2.49935

[7]
@Object_Recognized:socket
@Closest_Object:socket_6
@Error Euler (degree):0.196109 0.46723 -114.39
@Error Quaternion Axis:0.00518 0.000917 -0.999986
@Error Quaternion Angle (degree):114.391
@Error Translation:6.5e-05 -9.4e-05 0.000286
@Error Translation Length:0.000307974
@Estimate_result:
-0.14561 0.0707778 -0.986807 -0.0532754 
-0.888757 0.428834 0.1619 0.0612918 
0.434636 0.900607 0.000461435 0.0375248 
0 0 0 1 
@Sensor_Pose(not sensor model):
0 0 0.8 4e-06 -0 -1e-06
@Object_Pose:
socket_3:-0.079866 0.017365 0.03742 -1.5708 -0.476476 1.72625
socket_6:-0.052992 0.061254 0.037411 -1.5708 -0.695467 1.39935
ground_plane:0 0 0 0 0 0
depth_sensor:0 0 0.8 -3e-06 1.57079 1.57079
box:0 0 0 0 0 0
result_visualize_socket:-0.053275 0.061292 0.037525 1.57028 -0.449634 -1.73319

[8]
@Object_Recognized:socket
@Closest_Object:socket_3
@Error Euler (degree):0.399199 -0.350587 -158.805
@Error Quaternion Axis:0.002408 0.004056 0.999989
@Error Quaternion Angle (degree):201.196
@Error Translation:0.000124 -8.4e-05 0.000124
@Error Translation Length:0.000194039
@Estimate_result:
0.147897 0.00957684 -0.988956 -0.0799996 
-0.983267 -0.106111 -0.148074 0.017416 
-0.106357 0.994308 -0.00627685 0.0375515 
0 0 0 1 
@Sensor_Pose(not sensor model):
0 0 0.8 4e-06 -0 -1e-06
@Object_Pose:
socket_3:-0.079866 0.017365 0.03742 -1.5708 -0.476476 1.72625
ground_plane:0 0 0 0 0 0
depth_sensor:0 0 0.8 -3e-06 1.57079 1.57079
box:0 0 0 0 0 0
result_visualize_socket:-0.08 0.017416 0.037552 1.57711 0.106559 -1.4215

