[0]
@Object_Recognized:socket
@Closest_Object:socket_1
@Error Euler (degree):-0.152418 -0.344997 -154.939
@Error Quaternion Axis:0.003306 -0.000661 0.999994
@Error Quaternion Angle (degree):205.06
@Error Translation:1e-06 8.1e-05 5.3e-05
@Error Translation Length:9.68335e-05
@Estimate_result:
-0.474665 0.489078 0.731777 0.0443735 
-0.868977 -0.128252 -0.477944 -0.0575005 
-0.139901 -0.86276 0.485874 0.0462301 
0 0 0 1 
@Sensor_Pose(not sensor model):
0 0 0.8 4e-06 -0 -1e-06
@Object_Pose:
socket_0:-0.021117 -0.055528 0.042403 7.4e-05 0.00016 2.82399
socket_1:0.044354 -0.057515 0.046136 1.04556 0.23774 0.849283
socket_2:0.055565 -0.021326 0.037438 -1.57088 -1.0489 0.805299
socket_3:-0.07361 -0.01885 0.037447 -1.57083 0.338983 0.339687
socket_4:-0.030189 -0.013589 0.038666 1.16348 -1.42946 -0.046875
socket_5:0.052288 0.037385 0.0374 -1.5708 0.296122 1.28884
socket_6:-0.079242 0.023605 0.041636 1.02685 1.16927 -1.42342
socket_7:-0.050935 0.055956 0.043197 3.08487 -0.028482 -2.15431
socket_8:0.004089 0.047612 0.037388 -1.5708 0.490862 1.34428
ground_plane:0 0 0 0 0 0
depth_sensor:0 0 0.8 -3e-06 1.57079 1.57079
box:0 0 0 0 0 0
result_visualize_socket:0.044373 -0.0575 0.04623 -1.0579 0.140361 -2.07074

[1]
@Object_Recognized:socket
@Closest_Object:socket_6
@Error Euler (degree):0.331619 -0.713143 -47.3978
@Error Quaternion Axis:0.000369 -0.01707 -0.999854
@Error Quaternion Angle (degree):47.402
@Error Translation:-0.000255 9e-05 0.00053
@Error Translation Length:0.000594735
@Estimate_result:
-0.432715 0.462575 -0.773809 -0.0796116 
0.248385 -0.763937 -0.59557 0.023324 
-0.866638 -0.449916 0.215671 0.0420076 
0 0 0 1 
@Sensor_Pose(not sensor model):
0 0 0.8 4e-06 -0 -1e-06
@Object_Pose:
socket_0:-0.021117 -0.055528 0.042403 7.4e-05 0.00016 2.82399
socket_2:0.055565 -0.021326 0.037438 -1.57088 -1.0489 0.805299
socket_3:-0.07361 -0.01885 0.037447 -1.57083 0.338983 0.339687
socket_4:-0.030189 -0.013589 0.038666 1.16348 -1.42946 -0.046875
socket_5:0.052288 0.037385 0.0374 -1.5708 0.296122 1.28884
socket_6:-0.079242 0.023605 0.041636 1.02685 1.16927 -1.42342
socket_7:-0.050935 0.055956 0.043197 3.08487 -0.028482 -2.15431
socket_8:0.004089 0.047612 0.037388 -1.5708 0.490862 1.34428
ground_plane:0 0 0 0 0 0
depth_sensor:0 0 0.8 -3e-06 1.57079 1.57079
box:0 0 0 0 0 0
result_visualize_socket:-0.079612 0.023324 0.042008 -1.1238 1.04842 2.6205

[2]
@Object_Recognized:socket
@Closest_Object:socket_4
@Error Euler (degree):0.383895 -4.74751 170.628
@Error Quaternion Axis:0.041691 -4.8e-05 0.999131
@Error Quaternion Angle (degree):170.652
@Error Translation:0.000869 9e-05 -0.000146
@Error Translation Length:0.000885561
@Estimate_result:
-0.318683 0.851922 -0.415537 -0.0300839 
0.00322849 -0.437416 -0.899253 -0.0134242 
-0.947856 -0.287918 0.136646 0.0395298 
0 0 0 1 
@Sensor_Pose(not sensor model):
0 0 0.8 4e-06 -0 -1e-06
@Object_Pose:
socket_0:-0.021117 -0.055528 0.042403 7.4e-05 0.00016 2.82399
socket_2:0.055565 -0.021326 0.037438 -1.57088 -1.0489 0.805299
socket_3:-0.07361 -0.01885 0.037447 -1.57083 0.338983 0.339687
socket_4:-0.030189 -0.013589 0.038666 1.16348 -1.42946 -0.046875
socket_5:0.052288 0.037385 0.0374 -1.5708 0.296122 1.28884
socket_7:-0.050935 0.055956 0.043197 3.08487 -0.028482 -2.15431
socket_8:0.004089 0.047612 0.037388 -1.5708 0.490862 1.34428
ground_plane:0 0 0 0 0 0
depth_sensor:0 0 0.8 -3e-06 1.57079 1.57079
box:0 0 0 0 0 0
result_visualize_socket:-0.030084 -0.013424 0.03953 -1.12767 1.24644 3.13146

[3]
@Object_Recognized:socket
@Closest_Object:socket_3
@Error Euler (degree):1.5472 -4.34029 54.5355
@Error Quaternion Axis:0.063783 -0.059729 0.996175
@Error Quaternion Angle (degree):54.7733
@Error Translation:-0.000294 -0.000793 1.5e-05
@Error Translation Length:0.000845528
@Estimate_result:
0.234599 -0.915309 -0.327372 -0.073628 
0.163142 -0.294921 0.941491 -0.0188406 
-0.958305 -0.274281 0.0801375 0.0382921 
0 0 0 1 
@Sensor_Pose(not sensor model):
0 0 0.8 4e-06 -0 -1e-06
@Object_Pose:
socket_0:-0.021117 -0.055528 0.042403 7.4e-05 0.00016 2.82399
socket_2:0.055565 -0.021326 0.037438 -1.57088 -1.0489 0.805299
socket_3:-0.07361 -0.01885 0.037447 -1.57083 0.338983 0.339687
socket_5:0.052288 0.037385 0.0374 -1.5708 0.296122 1.28884
socket_7:-0.050935 0.055956 0.043197 3.08487 -0.028482 -2.15431
socket_8:0.004089 0.047612 0.037388 -1.5708 0.490862 1.34428
ground_plane:0 0 0 0 0 0
depth_sensor:0 0 0.8 -3e-06 1.57079 1.57079
box:0 0 0 0 0 0
result_visualize_socket:-0.073628 -0.018841 0.038292 -1.28654 1.28101 0.607638

[4]
@Object_Recognized:socket
@Closest_Object:socket_2
@Error Euler (degree):1.81317 -3.66998 128.772
@Error Quaternion Axis:0.039583 0.000464 0.999216
@Error Quaternion Angle (degree):128.865
@Error Translation:0.000698 -0.000456 9.4e-05
@Error Translation Length:0.000838887
@Estimate_result:
0.205367 -0.668439 -0.714851 0.0554643 
0.305997 -0.649945 0.695656 -0.0212955 
-0.929618 -0.361607 0.0710634 0.0382702 
0 0 0 1 
@Sensor_Pose(not sensor model):
0 0 0.8 4e-06 -0 -1e-06
@Object_Pose:
socket_0:-0.021117 -0.055528 0.042403 7.4e-05 0.00016 2.82399
socket_2:0.055565 -0.021326 0.037438 -1.57088 -1.0489 0.805299
socket_5:0.052288 0.037385 0.0374 -1.5708 0.296122 1.28884
socket_7:-0.050935 0.055956 0.043197 3.08487 -0.028482 -2.15431
socket_8:0.004089 0.047612 0.037388 -1.5708 0.490862 1.34428
ground_plane:0 0 0 0 0 0
depth_sensor:0 0 0.8 -3e-06 1.57079 1.57079
box:0 0 0 0 0 0
result_visualize_socket:0.055464 -0.021296 0.03827 -1.37675 1.19338 0.979703

[5]
@Object_Recognized:socket
@Closest_Object:socket_8
@Error Euler (degree):0.8645 -4.4536 40.1901
@Error Quaternion Axis:0.059068 -0.098014 0.993431
@Error Quaternion Angle (degree):40.4681
@Error Translation:-0.000506 -0.000637 0.000294
@Error Translation Length:0.000865342
@Estimate_result:
0.00707049 -0.223424 -0.974696 0.00377038 
0.376427 -0.902428 0.209589 0.047536 
-0.92642 -0.368383 0.0777219 0.0381885 
0 0 0 1 
@Sensor_Pose(not sensor model):
0 0 0.8 4e-06 -0 -1e-06
@Object_Pose:
socket_0:-0.021117 -0.055528 0.042403 7.4e-05 0.00016 2.82399
socket_5:0.052288 0.037385 0.0374 -1.5708 0.296122 1.28884
socket_7:-0.050935 0.055956 0.043197 3.08487 -0.028482 -2.15431
socket_8:0.004089 0.047612 0.037388 -1.5708 0.490862 1.34428
ground_plane:0 0 0 0 0 0
depth_sensor:0 0 0.8 -3e-06 1.57079 1.57079
box:0 0 0 0 0 0
result_visualize_socket:0.00377 0.047536 0.038189 -1.36286 1.18479 1.55201

[6]
@Object_Recognized:socket
@Closest_Object:socket_5
@Error Euler (degree):1.31127 -3.75622 50.5614
@Error Quaternion Axis:0.056789 -0.05775 0.996715
@Error Quaternion Angle (degree):50.7502
@Error Translation:-0.000201 -0.000719 -0.000181
@Error Translation Length:0.000767815
@Estimate_result:
0.0431965 -0.27913 -0.959281 0.0524664 
0.38458 -0.881542 0.273827 0.0373514 
-0.922081 -0.380749 0.069268 0.0381462 
0 0 0 1 
@Sensor_Pose(not sensor model):
0 0 0.8 4e-06 -0 -1e-06
@Object_Pose:
socket_0:-0.021117 -0.055528 0.042403 7.4e-05 0.00016 2.82399
socket_5:0.052288 0.037385 0.0374 -1.5708 0.296122 1.28884
socket_7:-0.050935 0.055956 0.043197 3.08487 -0.028482 -2.15431
ground_plane:0 0 0 0 0 0
depth_sensor:0 0 0.8 -3e-06 1.57079 1.57079
box:0 0 0 0 0 0
result_visualize_socket:0.052466 0.037351 0.038146 -1.39084 1.17342 1.45894

