[0]
@Object_Recognized:socket
@Closest_Object:socket_1
@Error Euler (degree):0.04945 -0.306337 -58.8474
@Error Quaternion Axis:-0.001908 -0.005171 -0.999985
@Error Quaternion Angle (degree):58.848
@Error Translation:-1.2e-05 -6.9e-05 0.00014
@Error Translation Length:0.000156179
@Estimate_result:
-0.127106 0.991889 -0.000208449 0.0575237 
-0.991873 -0.127103 0.00547972 -0.0623168 
0.00540878 0.000903214 0.999985 0.042539 
0 0 0 1 
@Sensor_Pose(not sensor model):
0 0 0.8 4e-06 -0 -1e-06
@Object_Pose:
socket_0:-0.03783 -0.000182 0.03739 -1.5708 0.096924 2.74234
socket_1:0.057576 -0.06227 0.042399 -3.2e-05 -6.7e-05 -0.671168
socket_2:0.065303 -0.028051 0.037393 1.57112 -0.883566 -1.87805
socket_3:-0.084615 -0.019463 0.037398 1.57078 -0.687259 0.081575
socket_4:-0.03473 -0.052356 0.037425 -1.5708 0.705112 0.432989
socket_5:0.059785 0.010111 0.037391 -1.57089 -1.07991 1.86644
socket_6:-0.079558 0.020424 0.037435 1.57079 1.49773 -1.25131
socket_7:0.015969 0.021196 0.037398 1.57079 0.098193 0.454166
socket_8:0.080591 0.055996 0.048122 0.789287 -0.072587 1.14621
ground_plane:0 0 0 0 0 0
depth_sensor:0 0 0.8 -3e-06 1.57079 1.57079
box:0 0 0 0 0 0
result_visualize_socket:0.057524 -0.062317 0.042539 0.000903 -0.005409 -1.69825

[1]
@Object_Recognized:socket
@Closest_Object:socket_8
@Error Euler (degree):-0.155634 -0.082393 163.174
@Error Quaternion Axis:0.000518 -0.001464 0.999999
@Error Quaternion Angle (degree):163.174
@Error Translation:-2.6e-05 0.000125 0.000144
@Error Translation Length:0.00019242
@Estimate_result:
-0.584287 0.514002 0.628021 0.0805881 
-0.79998 -0.494979 -0.339157 0.0559537 
0.13653 -0.70057 0.700401 0.0483098 
0 0 0 1 
@Sensor_Pose(not sensor model):
0 0 0.8 4e-06 -0 -1e-06
@Object_Pose:
socket_0:-0.03783 -0.000182 0.03739 -1.5708 0.096924 2.74234
socket_2:0.065303 -0.028051 0.037393 1.57112 -0.883566 -1.87805
socket_3:-0.084615 -0.019463 0.037398 1.57078 -0.687259 0.081575
socket_4:-0.03473 -0.052356 0.037425 -1.5708 0.705112 0.432989
socket_5:0.059785 0.010111 0.037391 -1.57089 -1.07991 1.86644
socket_6:-0.079558 0.020424 0.037435 1.57079 1.49773 -1.25131
socket_7:0.015969 0.021196 0.037398 1.57079 0.098193 0.454166
socket_8:0.080591 0.055996 0.048122 0.789287 -0.072587 1.14621
ground_plane:0 0 0 0 0 0
depth_sensor:0 0 0.8 -3e-06 1.57079 1.57079
box:0 0 0 0 0 0
result_visualize_socket:0.080588 0.055954 0.04831 -0.785519 -0.136957 -2.20162

[2]
@Object_Recognized:socket
@Closest_Object:socket_4
@Error Euler (degree):0.749862 -4.02231 35.377
@Error Quaternion Axis:0.055215 -0.102783 0.99317
@Error Quaternion Angle (degree):35.6314
@Error Translation:-0.000503 -0.000622 -0.000134
@Error Translation Length:0.000810739
@Estimate_result:
0.193043 -0.885499 -0.422644 -0.0346557 
0.166509 -0.394934 0.903495 -0.0524685 
-0.966959 -0.244787 0.0712045 0.0382247 
0 0 0 1 
@Sensor_Pose(not sensor model):
0 0 0.8 4e-06 -0 -1e-06
@Object_Pose:
socket_0:-0.03783 -0.000182 0.03739 -1.5708 0.096924 2.74234
socket_2:0.065303 -0.028051 0.037393 1.57112 -0.883566 -1.87805
socket_3:-0.084615 -0.019463 0.037398 1.57078 -0.687259 0.081575
socket_4:-0.03473 -0.052356 0.037425 -1.5708 0.705112 0.432989
socket_5:0.059785 0.010111 0.037391 -1.57089 -1.07991 1.86644
socket_6:-0.079558 0.020424 0.037435 1.57079 1.49773 -1.25131
socket_7:0.015969 0.021196 0.037398 1.57079 0.098193 0.454166
ground_plane:0 0 0 0 0 0
depth_sensor:0 0 0.8 -3e-06 1.57079 1.57079
box:0 0 0 0 0 0
result_visualize_socket:-0.034656 -0.052468 0.038225 -1.28772 1.31302 0.711735

[3]
@Object_Recognized:socket
@Closest_Object:socket_7
@Error Euler (degree):2.74248 -3.76244 -104.57
@Error Quaternion Axis:-0.014324 -0.049302 -0.998681
@Error Quaternion Angle (degree):104.553
@Error Translation:-0.000248 0.000818 0.000514
@Error Translation Length:0.000996828
@Estimate_result:
-0.280777 0.864332 0.417247 0.0160452 
-0.210102 0.368839 -0.905437 0.0206613 
-0.936495 -0.34189 0.078036 0.0382355 
0 0 0 1 
@Sensor_Pose(not sensor model):
0 0 0.8 4e-06 -0 -1e-06
@Object_Pose:
socket_0:-0.03783 -0.000182 0.03739 -1.5708 0.096924 2.74234
socket_2:0.065303 -0.028051 0.037393 1.57112 -0.883566 -1.87805
socket_3:-0.084615 -0.019463 0.037398 1.57078 -0.687259 0.081575
socket_5:0.059785 0.010111 0.037391 -1.57089 -1.07991 1.86644
socket_6:-0.079558 0.020424 0.037435 1.57079 1.49773 -1.25131
socket_7:0.015969 0.021196 0.037398 1.57079 0.098193 0.454166
ground_plane:0 0 0 0 0 0
depth_sensor:0 0 0.8 -3e-06 1.57079 1.57079
box:0 0 0 0 0 0
result_visualize_socket:0.016045 0.020661 0.038235 -1.34639 1.2125 -2.49919

[4]
@Object_Recognized:socket
@Closest_Object:socket_0
@Error Euler (degree):0.039513 -4.56173 66.9104
@Error Quaternion Axis:0.040246 -0.059776 0.9974
@Error Quaternion Angle (degree):67.0492
@Error Translation:-0.000141 -0.000801 -0.000355
@Error Translation Length:0.000887022
@Estimate_result:
-0.30765 0.87828 -0.366028 -0.0376335 
0.0434805 -0.371306 -0.927492 0.000119746 
-0.950506 -0.301258 0.0760443 0.0382004 
0 0 0 1 
@Sensor_Pose(not sensor model):
0 0 0.8 4e-06 -0 -1e-06
@Object_Pose:
socket_0:-0.03783 -0.000182 0.03739 -1.5708 0.096924 2.74234
socket_2:0.065303 -0.028051 0.037393 1.57112 -0.883566 -1.87805
socket_3:-0.084615 -0.019463 0.037398 1.57078 -0.687259 0.081575
socket_5:0.059785 0.010111 0.037391 -1.57089 -1.07991 1.86644
socket_6:-0.079558 0.020424 0.037435 1.57079 1.49773 -1.25131
ground_plane:0 0 0 0 0 0
depth_sensor:0 0 0.8 -3e-06 1.57079 1.57079
box:0 0 0 0 0 0
result_visualize_socket:-0.037634 0.00012 0.0382 -1.32354 1.25486 3.00119

[5]
@Object_Recognized:socket
@Closest_Object:socket_2
@Error Euler (degree):0.759773 -4.51738 -158.317
@Error Quaternion Axis:0.038142 0.014173 0.999172
@Error Quaternion Angle (degree):201.696
@Error Translation:0.000679 0.000447 0.00023
@Error Translation Length:0.000844813
@Estimate_result:
0.0166623 -0.300516 -0.953631 0.0650579 
0.312539 -0.904406 0.290465 -0.0280622 
-0.94976 -0.302886 0.0788535 0.0382012 
0 0 0 1 
@Sensor_Pose(not sensor model):
0 0 0.8 4e-06 -0 -1e-06
@Object_Pose:
socket_2:0.065303 -0.028051 0.037393 1.57112 -0.883566 -1.87805
socket_3:-0.084615 -0.019463 0.037398 1.57078 -0.687259 0.081575
socket_5:0.059785 0.010111 0.037391 -1.57089 -1.07991 1.86644
socket_6:-0.079558 0.020424 0.037435 1.57079 1.49773 -1.25131
ground_plane:0 0 0 0 0 0
depth_sensor:0 0 0.8 -3e-06 1.57079 1.57079
box:0 0 0 0 0 0
result_visualize_socket:0.065058 -0.028062 0.038201 -1.31611 1.25246 1.51753

[6]
@Object_Recognized:socket
@Closest_Object:socket_5
@Error Euler (degree):1.02659 -4.22781 134.508
@Error Quaternion Axis:0.040627 -0.00651 0.999153
@Error Quaternion Angle (degree):134.58
@Error Translation:0.000787 -0.000322 5e-06
@Error Translation Length:0.000850055
@Estimate_result:
-0.15719 0.260984 -0.952459 0.0597556 
0.263311 -0.91846 -0.295123 0.0101927 
-0.951818 -0.297184 0.0756525 0.038237 
0 0 0 1 
@Sensor_Pose(not sensor model):
0 0 0.8 4e-06 -0 -1e-06
@Object_Pose:
socket_3:-0.084615 -0.019463 0.037398 1.57078 -0.687259 0.081575
socket_5:0.059785 0.010111 0.037391 -1.57089 -1.07991 1.86644
socket_6:-0.079558 0.020424 0.037435 1.57079 1.49773 -1.25131
ground_plane:0 0 0 0 0 0
depth_sensor:0 0 0.8 -3e-06 1.57079 1.57079
box:0 0 0 0 0 0
result_visualize_socket:0.059756 0.010193 0.038237 -1.32153 1.25911 2.10899

[7]
@Object_Recognized:socket
@Closest_Object:socket_3
@Error Euler (degree):-0.324804 -4.73534 -151.417
@Error Quaternion Axis:0.04203 0.007691 0.999087
@Error Quaternion Angle (degree):208.545
@Error Translation:0.000658 0.000493 -8.8e-05
@Error Translation Length:0.000826977
@Estimate_result:
-0.365995 0.923194 0.117303 -0.0844264 
-0.112761 0.081127 -0.990304 -0.0193595 
-0.92376 -0.375674 0.074408 0.0381961 
0 0 0 1 
@Sensor_Pose(not sensor model):
0 0 0.8 4e-06 -0 -1e-06
@Object_Pose:
socket_3:-0.084615 -0.019463 0.037398 1.57078 -0.687259 0.081575
socket_6:-0.079558 0.020424 0.037435 1.57079 1.49773 -1.25131
ground_plane:0 0 0 0 0 0
depth_sensor:0 0 0.8 -3e-06 1.57079 1.57079
box:0 0 0 0 0 0
result_visualize_socket:-0.084426 -0.019359 0.038196 -1.37526 1.17779 -2.84273

[8]
@Object_Recognized:socket
@Closest_Object:socket_6
@Error Euler (degree):-0.209767 -0.017407 132.546
@Error Quaternion Axis:-0.000653 -0.001897 0.999998
@Error Quaternion Angle (degree):132.546
@Error Translation:-0.000238 -6.1e-05 -0.000252
@Error Translation Length:0.000351923
@Estimate_result:
0.214988 -0.225223 -0.950292 -0.0793435 
-0.650822 0.692453 -0.311352 0.0205779 
0.728156 0.685407 0.0022887 0.037668 
0 0 0 1 
@Sensor_Pose(not sensor model):
0 0 0.8 4e-06 -0 -1e-06
@Object_Pose:
socket_6:-0.079558 0.020424 0.037435 1.57079 1.49773 -1.25131
ground_plane:0 0 0 0 0 0
depth_sensor:0 0 0.8 -3e-06 1.57079 1.57079
box:0 0 0 0 0 0
result_visualize_socket:-0.079344 0.020578 0.037668 1.56746 -0.815628 -1.25175

[9]
@Object_Recognized:socket
@Closest_Object:socket_8
@Error Euler (degree):3.40973 -2.93848 150.619
@Error Quaternion Axis:0.033418 0.023016 0.999176
@Error Quaternion Angle (degree):150.729
@Error Translation:0.000801 0.000169 0.000378
@Error Translation Length:0.000902178
@Estimate_result:
-0.362716 0.925842 -0.106086 0.0425553 
-0.0260718 -0.123876 -0.991955 0.0196835 
-0.931535 -0.357032 0.0690702 0.0382177 
0 0 0 1 
@Sensor_Pose(not sensor model):
0 0 0.8 4e-06 -0 -1e-06
@Object_Pose:
socket_0:-0.057635 0.017484 0.037471 -1.57079 -0.427694 -1.78672
socket_1:0.000892 -0.060406 0.037457 1.5708 -0.928261 -1.25592
socket_2:0.056957 -0.037649 0.037463 -1.57072 0.043345 0.557901
socket_3:-0.076848 -0.020601 0.037464 -1.5708 -0.740824 1.1529
socket_4:0.002233 0.006039 0.037391 -1.57077 0.096473 -0.067637
socket_5:0.082492 0.000353 0.037398 1.57081 1.47261 1.56269
socket_6:-0.066482 0.05809 0.042398 0.000202 4.5e-05 -1.79001
socket_7:-0.007615 0.049278 0.042402 3.14156 -0.000139 1.75742
socket_8:0.042863 0.020042 0.037449 -1.57152 -1.42681 3.07289
ground_plane:0 0 0 0 0 0
depth_sensor:0 0 0.8 -3e-06 1.57079 1.57079
box:0 0 0 0 0 0
result_visualize_socket:0.042555 0.019684 0.038218 -1.3797 1.19861 -3.06984

[10]
@Object_Recognized:socket
@Closest_Object:socket_2
@Error Euler (degree):0.369802 -4.96119 65.6724
@Error Quaternion Axis:0.048157 -0.063684 0.996808
@Error Quaternion Angle (degree):65.8555
@Error Translation:-0.000268 -0.000786 -3e-06
@Error Translation Length:0.000830576
@Estimate_result:
0.268659 -0.791037 -0.549622 0.0567598 
0.269673 -0.486013 0.831305 -0.0377751 
-0.924716 -0.371556 0.0827496 0.0382599 
0 0 0 1 
@Sensor_Pose(not sensor model):
0 0 0.8 4e-06 -0 -1e-06
@Object_Pose:
socket_0:-0.057635 0.017484 0.037471 -1.57079 -0.427694 -1.78672
socket_1:0.000892 -0.060406 0.037457 1.5708 -0.928261 -1.25592
socket_2:0.056957 -0.037649 0.037463 -1.57072 0.043345 0.557901
socket_3:-0.076848 -0.020601 0.037464 -1.5708 -0.740824 1.1529
socket_4:0.002233 0.006039 0.037391 -1.57077 0.096473 -0.067637
socket_5:0.082492 0.000353 0.037398 1.57081 1.47261 1.56269
socket_6:-0.066482 0.05809 0.042398 0.000202 4.5e-05 -1.79001
socket_7:-0.007615 0.049278 0.042402 3.14156 -0.000139 1.75742
ground_plane:0 0 0 0 0 0
depth_sensor:0 0 0.8 -3e-06 1.57079 1.57079
box:0 0 0 0 0 0
result_visualize_socket:0.05676 -0.037775 0.03826 -1.35166 1.18029 0.787282

[11]
@Object_Recognized:socket
@Closest_Object:socket_1
@Error Euler (degree):3.34662 -3.57786 -163.467
@Error Quaternion Axis:0.026967 0.033724 0.999067
@Error Quaternion Angle (degree):196.622
@Error Translation:0.000476 0.000743 -0.000154
@Error Translation Length:0.00089614
@Estimate_result:
-0.166478 0.234995 -0.957635 0.000942421 
0.30962 -0.909609 -0.277035 -0.0600637 
-0.936173 -0.342623 0.078671 0.0382834 
0 0 0 1 
@Sensor_Pose(not sensor model):
0 0 0.8 4e-06 -0 -1e-06
@Object_Pose:
socket_0:-0.057635 0.017484 0.037471 -1.57079 -0.427694 -1.78672
socket_1:0.000892 -0.060406 0.037457 1.5708 -0.928261 -1.25592
socket_3:-0.076848 -0.020601 0.037464 -1.5708 -0.740824 1.1529
socket_4:0.002233 0.006039 0.037391 -1.57077 0.096473 -0.067637
socket_5:0.082492 0.000353 0.037398 1.57081 1.47261 1.56269
socket_6:-0.066482 0.05809 0.042398 0.000202 4.5e-05 -1.79001
socket_7:-0.007615 0.049278 0.042402 3.14156 -0.000139 1.75742
ground_plane:0 0 0 0 0 0
depth_sensor:0 0 0.8 -3e-06 1.57079 1.57079
box:0 0 0 0 0 0
result_visualize_socket:0.000942 -0.060064 0.038283 -1.34509 1.21158 2.06414

[12]
@Object_Recognized:socket
@Closest_Object:socket_5
@Error Euler (degree):1.27117 -3.96267 -25.6384
@Error Quaternion Axis:0.013995 -0.161248 -0.986815
@Error Quaternion Angle (degree):25.9249
@Error Translation:-0.000789 3.9e-05 0.000269
@Error Translation Length:0.000834258
@Estimate_result:
0.0663318 0.0297606 0.997353 0.0827604 
-0.341956 0.939701 -0.00529754 0.000312504 
-0.937372 -0.3407 0.0725088 0.0381863 
0 0 0 1 
@Sensor_Pose(not sensor model):
0 0 0.8 4e-06 -0 -1e-06
@Object_Pose:
socket_0:-0.057635 0.017484 0.037471 -1.57079 -0.427694 -1.78672
socket_3:-0.076848 -0.020601 0.037464 -1.5708 -0.740824 1.1529
socket_4:0.002233 0.006039 0.037391 -1.57077 0.096473 -0.067637
socket_5:0.082492 0.000353 0.037398 1.57081 1.47261 1.56269
socket_6:-0.066482 0.05809 0.042398 0.000202 4.5e-05 -1.79001
socket_7:-0.007615 0.049278 0.042402 3.14156 -0.000139 1.75742
ground_plane:0 0 0 0 0 0
depth_sensor:0 0 0.8 -3e-06 1.57079 1.57079
box:0 0 0 0 0 0
result_visualize_socket:0.08276 0.000313 0.038186 -1.3611 1.21501 -1.3792

[13]
@Object_Recognized:socket
@Closest_Object:socket_4
@Error Euler (degree):0.042355 -4.37664 67.7874
@Error Quaternion Axis:0.038671 -0.056376 0.99766
@Error Quaternion Angle (degree):67.9133
@Error Translation:-0.000251 -0.000793 0.000104
@Error Translation Length:0.000838257
@Estimate_result:
0.29078 -0.955673 0.0462367 0.00206723 
0.0568145 0.065486 0.996236 0.00615516 
-0.955102 -0.287058 0.073338 0.0382044 
0 0 0 1 
@Sensor_Pose(not sensor model):
0 0 0.8 4e-06 -0 -1e-06
@Object_Pose:
socket_0:-0.057635 0.017484 0.037471 -1.57079 -0.427694 -1.78672
socket_3:-0.076848 -0.020601 0.037464 -1.5708 -0.740824 1.1529
socket_4:0.002233 0.006039 0.037391 -1.57077 0.096473 -0.067637
socket_6:-0.066482 0.05809 0.042398 0.000202 4.5e-05 -1.79001
socket_7:-0.007615 0.049278 0.042402 3.14156 -0.000139 1.75742
ground_plane:0 0 0 0 0 0
depth_sensor:0 0 0.8 -3e-06 1.57079 1.57079
box:0 0 0 0 0 0
result_visualize_socket:0.002067 0.006155 0.038204 -1.32067 1.27 0.192954

[14]
@Object_Recognized:socket
@Closest_Object:socket_0
@Error Euler (degree):-0.489895 -0.129055 -160.797
@Error Quaternion Axis:0.001849 -0.004085 0.99999
@Error Quaternion Angle (degree):199.203
@Error Translation:0.000107 -0.00019 0.00034
@Error Translation Length:0.000403946
@Estimate_result:
0.215533 0.0114442 0.976429 -0.0573065 
0.972115 0.0921015 -0.21566 0.0173928 
-0.0923986 0.995684 0.00872579 0.0376874 
0 0 0 1 
@Sensor_Pose(not sensor model):
0 0 0.8 4e-06 -0 -1e-06
@Object_Pose:
socket_0:-0.057635 0.017484 0.037471 -1.57079 -0.427694 -1.78672
socket_3:-0.076848 -0.020601 0.037464 -1.5708 -0.740824 1.1529
socket_6:-0.066482 0.05809 0.042398 0.000202 4.5e-05 -1.79001
socket_7:-0.007615 0.049278 0.042402 3.14156 -0.000139 1.75742
ground_plane:0 0 0 0 0 0
depth_sensor:0 0 0.8 -3e-06 1.57079 1.57079
box:0 0 0 0 0 0
result_visualize_socket:-0.057306 0.017393 0.037687 1.56203 0.092531 1.35261

[15]
@Object_Recognized:socket
@Closest_Object:socket_3
@Error Euler (degree):0.05669 -0.144112 18.2737
@Error Quaternion Axis:0.004333 -0.007324 0.999964
@Error Quaternion Angle (degree):18.2743
@Error Translation:9.9e-05 -4.2e-05 0.000219
@Error Translation Length:0.000243688
@Estimate_result:
0.367957 0.16528 -0.915036 -0.0770295 
0.834825 0.374643 0.403373 -0.0204715 
0.409482 -0.912319 -0.000127562 0.0375621 
0 0 0 1 
@Sensor_Pose(not sensor model):
0 0 0.8 4e-06 -0 -1e-06
@Object_Pose:
socket_3:-0.076848 -0.020601 0.037464 -1.5708 -0.740824 1.1529
socket_6:-0.066482 0.05809 0.042398 0.000202 4.5e-05 -1.79001
socket_7:-0.007615 0.049278 0.042402 3.14156 -0.000139 1.75742
ground_plane:0 0 0 0 0 0
depth_sensor:0 0 0.8 -3e-06 1.57079 1.57079
box:0 0 0 0 0 0
result_visualize_socket:-0.07703 -0.020471 0.037562 -1.57094 -0.421885 1.15565

[16]
@Object_Recognized:socket
@Closest_Object:socket_6
@Error Euler (degree):-0.259726 0.272209 -123.049
@Error Quaternion Axis:-0.001146 -0.003555 0.999993
@Error Quaternion Angle (degree):236.952
@Error Translation:-1.2e-05 -0.000887 9.5e-05
@Error Translation Length:0.000892461
@Estimate_result:
-0.699639 -0.714466 -0.00658887 -0.0673403 
0.71448 -0.699656 0.000228849 0.0582967 
-0.00477348 -0.00454753 0.999978 0.0424952 
0 0 0 1 
@Sensor_Pose(not sensor model):
0 0 0.8 4e-06 -0 -1e-06
@Object_Pose:
socket_6:-0.066477 0.058092 0.0424 2.7e-05 -0 -1.78988
socket_7:-0.007614 0.049278 0.042401 -3.14159 -6.3e-05 1.75727
ground_plane:0 0 0 0 0 0
depth_sensor:0 0 0.8 -3e-06 1.57079 1.57079
box:0 0 0 0 0 0
result_visualize_socket:-0.06734 0.058297 0.042495 -0.004548 0.004773 2.3457

[17]
@Object_Recognized:socket
@Closest_Object:socket_5
@Error Euler (degree):0.549446 -0.243061 -94.6332
@Error Quaternion Axis:0.002301 -0.006751 -0.999975
@Error Quaternion Angle (degree):94.6334
@Error Translation:-0.000397 1.7e-05 -5.1e-05
@Error Translation Length:0.000400726
@Estimate_result:
-0.0219365 -0.999712 0.00979195 0.0797383 
0.999751 -0.0219772 -0.00405154 -0.00760208 
0.00426558 0.0097001 0.999944 0.0423473 
0 0 0 1 
@Sensor_Pose(not sensor model):
0 0 0.8 4e-06 -0 -1e-06
@Object_Pose:
socket_0:-0.080703 -0.039739 0.037398 -1.57094 0.687177 1.40334
socket_1:-0.03662 -0.049 0.042399 0.000293 0.000382 -1.40247
socket_2:-0.001327 -0.03371 0.040175 1.26098 1.14382 2.8369
socket_3:-0.05414 -0.008834 0.037441 1.57078 1.30607 1.36726
socket_4:0.007504 0.011167 0.03748 -1.57079 0.574974 -2.32942
socket_5:0.079342 -0.007626 0.042399 -3.2e-05 -0.000108 -3.03879
socket_6:-0.028302 0.062423 0.03745 -1.5708 0.332103 -1.55696
socket_7:0.05024 0.047583 0.037398 -1.57079 -0.883629 0.218233
socket_8:0.086758 0.048217 0.037407 1.5708 0.092703 0.098914
ground_plane:0 0 0 0 0 0
depth_sensor:0 0 0.8 -3e-06 1.57079 1.57079
box:0 0 0 0 0 0
result_visualize_socket:0.079738 -0.007602 0.042347 0.009701 -0.004265 1.59274

[18]
@Object_Recognized:socket
@Closest_Object:socket_2
@Error Euler (degree):0.236721 0.247719 -105.917
@Error Quaternion Axis:0.003721 -0.000434 -0.999993
@Error Quaternion Angle (degree):105.918
@Error Translation:-0.00012 7.5e-05 0.000267
@Error Translation Length:0.000302037
@Estimate_result:
0.991448 -0.127929 0.025801 -0.00134299 
-0.00876136 0.132009 0.99121 -0.0334634 
-0.130211 -0.982959 0.129759 0.0403483 
0 0 0 1 
@Sensor_Pose(not sensor model):
0 0 0.8 4e-06 -0 -1e-06
@Object_Pose:
socket_0:-0.080703 -0.039739 0.037398 -1.57094 0.687177 1.40334
socket_1:-0.03662 -0.049 0.042399 0.000293 0.000382 -1.40247
socket_2:-0.001327 -0.03371 0.040175 1.26098 1.14382 2.8369
socket_3:-0.05414 -0.008834 0.037441 1.57078 1.30607 1.36726
socket_4:0.007504 0.011167 0.03748 -1.57079 0.574974 -2.32942
socket_6:-0.028302 0.062423 0.03745 -1.5708 0.332103 -1.55696
socket_7:0.05024 0.047583 0.037398 -1.57079 -0.883629 0.218233
socket_8:0.086758 0.048217 0.037407 1.5708 0.092703 0.098914
ground_plane:0 0 0 0 0 0
depth_sensor:0 0 0.8 -3e-06 1.57079 1.57079
box:0 0 0 0 0 0
result_visualize_socket:-0.001343 -0.033463 0.040348 -1.43955 0.130582 -0.008837

[19]
@Object_Recognized:socket
@Closest_Object:socket_4
@Error Euler (degree):1.11302 -3.96619 37.9379
@Error Quaternion Axis:0.062443 -0.090384 0.993947
@Error Quaternion Angle (degree):38.1909
@Error Translation:-0.000451 -0.000607 0.000163
@Error Translation Length:0.000774127
@Estimate_result:
-0.17457 0.664224 0.726864 0.00765576 
-0.284725 0.672611 -0.683027 0.0110904 
-0.942581 -0.326193 0.0717038 0.0382351 
0 0 0 1 
@Sensor_Pose(not sensor model):
0 0 0.8 4e-06 -0 -1e-06
@Object_Pose:
socket_0:-0.080703 -0.039739 0.037398 -1.57094 0.687177 1.40334
socket_1:-0.03662 -0.049 0.042399 0.000293 0.000382 -1.40247
socket_3:-0.05414 -0.008834 0.037441 1.57078 1.30607 1.36726
socket_4:0.007504 0.011167 0.03748 -1.57079 0.574974 -2.32942
socket_6:-0.028302 0.062423 0.03745 -1.5708 0.332103 -1.55696
socket_7:0.05024 0.047583 0.037398 -1.57079 -0.883629 0.218233
socket_8:0.086758 0.048217 0.037407 1.5708 0.092703 0.098914
ground_plane:0 0 0 0 0 0
depth_sensor:0 0 0.8 -3e-06 1.57079 1.57079
box:0 0 0 0 0 0
result_visualize_socket:0.007656 0.01109 0.038235 -1.35442 1.23027 -2.1208

[20]
@Object_Recognized:socket
@Closest_Object:socket_7
@Error Euler (degree):0.066374 0.604867 119.054
@Error Quaternion Axis:-0.004938 0.003685 0.999981
@Error Quaternion Angle (degree):119.055
@Error Translation:0.000152 -5.8e-05 -0.000183
@Error Translation Length:0.000244883
@Estimate_result:
0.361243 -0.908133 -0.211654 0.05033 
0.0693005 -0.200207 0.977299 0.047415 
-0.929893 -0.367711 -0.00938949 0.0375519 
0 0 0 1 
@Sensor_Pose(not sensor model):
0 0 0.8 4e-06 -0 -1e-06
@Object_Pose:
socket_0:-0.080703 -0.039739 0.037398 -1.57094 0.687177 1.40334
socket_1:-0.03662 -0.049 0.042399 0.000293 0.000382 -1.40247
socket_3:-0.05414 -0.008834 0.037441 1.57078 1.30607 1.36726
socket_6:-0.028302 0.062423 0.03745 -1.5708 0.332103 -1.55696
socket_7:0.05024 0.047583 0.037398 -1.57079 -0.883629 0.218233
socket_8:0.086758 0.048217 0.037407 1.5708 0.092703 0.098914
ground_plane:0 0 0 0 0 0
depth_sensor:0 0 0.8 -3e-06 1.57079 1.57079
box:0 0 0 0 0 0
result_visualize_socket:0.05033 0.047415 0.037552 -1.59633 1.19412 0.189535

[21]
@Object_Recognized:socket
@Closest_Object:socket_6
@Error Euler (degree):4.41109 -0.101736 -168.72
@Error Quaternion Axis:-0.002913 0.038572 0.999252
@Error Quaternion Angle (degree):191.275
@Error Translation:-4.1e-05 -0.000693 -0.00112
@Error Translation Length:0.00131789
@Estimate_result:
-0.0101688 0.083867 0.996425 -0.0294196 
0.863267 -0.502157 0.0510754 0.0622201 
0.504645 0.8607 -0.0672934 0.0381185 
0 0 0 1 
@Sensor_Pose(not sensor model):
0 0 0.8 4e-06 -0 -1e-06
@Object_Pose:
socket_0:-0.080703 -0.039739 0.037398 -1.57094 0.687177 1.40334
socket_1:-0.03662 -0.049 0.042399 0.000293 0.000382 -1.40247
socket_3:-0.05414 -0.008834 0.037441 1.57078 1.30607 1.36726
socket_6:-0.028302 0.062423 0.03745 -1.5708 0.332103 -1.55696
socket_8:0.086758 0.048217 0.037407 1.5708 0.092703 0.098914
ground_plane:0 0 0 0 0 0
depth_sensor:0 0 0.8 -3e-06 1.57079 1.57079
box:0 0 0 0 0 0
result_visualize_socket:-0.02942 0.06222 0.038118 1.64882 -0.528971 1.58258

[22]
@Object_Recognized:socket
@Closest_Object:socket_8
@Error Euler (degree):-2.52121 1.17879 51.0108
@Error Quaternion Axis:-0.056295 -0.000442 0.998414
@Error Quaternion Angle (degree):51.1074
@Error Translation:-0.000223 0.000442 0.000793
@Error Translation Length:0.000934791
@Estimate_result:
0.692833 -0.716469 0.0815921 0.0866562 
0.0894281 -0.0269054 -0.99563 0.0474108 
0.715532 0.697102 0.0454311 0.0378677 
0 0 0 1 
@Sensor_Pose(not sensor model):
0 0 0.8 4e-06 -0 -1e-06
@Object_Pose:
socket_0:-0.080703 -0.039739 0.037398 -1.57094 0.687177 1.40334
socket_1:-0.03662 -0.049 0.042399 0.000293 0.000382 -1.40247
socket_3:-0.05414 -0.008834 0.037441 1.57078 1.30607 1.36726
socket_8:0.086758 0.048217 0.037407 1.5708 0.092703 0.098914
ground_plane:0 0 0 0 0 0
depth_sensor:0 0 0.8 -3e-06 1.57079 1.57079
box:0 0 0 0 0 0
result_visualize_socket:0.086656 0.047411 0.037868 1.50572 -0.797386 0.128366

[23]
@Object_Recognized:socket
@Closest_Object:socket_3
@Error Euler (degree):-0.873667 0.186908 22.4455
@Error Quaternion Axis:-0.040022 0.000596 0.999199
@Error Quaternion Angle (degree):22.4644
@Error Translation:-9.6e-05 0.000174 0.0002
@Error Translation Length:0.000281604
@Estimate_result:
0.120163 0.145141 0.982087 -0.0539153 
0.598391 0.778761 -0.188308 -0.00873385 
-0.792142 0.6103 0.00672744 0.0375786 
0 0 0 1 
@Sensor_Pose(not sensor model):
0 0 0.8 4e-06 -0 -1e-06
@Object_Pose:
socket_0:-0.080703 -0.039739 0.037398 -1.57094 0.687177 1.40334
socket_1:-0.03662 -0.049 0.042399 0.000293 0.000382 -1.40247
socket_3:-0.05414 -0.008834 0.037441 1.57078 1.30607 1.36726
ground_plane:0 0 0 0 0 0
depth_sensor:0 0 0.8 -3e-06 1.57079 1.57079
box:0 0 0 0 0 0
result_visualize_socket:-0.053915 -0.008734 0.037579 1.55977 0.914311 1.37262

[24]
@Object_Recognized:socket
@Closest_Object:socket_0
@Error Euler (degree):-0.166966 -0.140908 153.237
@Error Quaternion Axis:0.000883 -0.00175 0.999998
@Error Quaternion Angle (degree):153.236
@Error Translation:-5.2e-05 -0.000116 -4.9e-05
@Error Translation Length:0.000135924
@Estimate_result:
-0.165017 0.0391313 -0.985514 -0.0806491 
-0.96183 0.214769 0.169579 -0.0397149 
0.218294 0.97588 0.00219711 0.0375205 
0 0 0 1 
@Sensor_Pose(not sensor model):
0 0 0.8 4e-06 -0 -1e-06
@Object_Pose:
socket_0:-0.080703 -0.039739 0.037398 -1.57094 0.687177 1.40334
socket_1:-0.03662 -0.049 0.042399 0.000293 0.000382 -1.40247
ground_plane:0 0 0 0 0 0
depth_sensor:0 0 0.8 -3e-06 1.57079 1.57079
box:0 0 0 0 0 0
result_visualize_socket:-0.080649 -0.039715 0.037521 1.56855 -0.220066 -1.74071

