[0]
@Object_Recognized:socket
@Closest_Object:socket_2
@Error Euler (degree):-0.109861 -0.396969 23.7082
@Error Quaternion Axis:-0.001103 -0.017461 0.999847
@Error Quaternion Angle (degree):23.7112
@Error Translation:0.000185 -3.5e-05 3.4e-05
@Error Translation Length:0.000191219
@Estimate_result:
-0.0428106 -0.999083 -0.0016471 0.0818424 
0.999059 -0.0427979 -0.00702503 -0.0536344 
0.00694804 -0.0019463 0.999975 0.042434 
0 0 0 1 
@Sensor_Pose(not sensor model):
0 0 0.8 4e-06 -0 -1e-06
@Object_Pose:
socket_0:-0.075004 -0.047134 0.037418 -1.5708 -0.282057 -0.177708
socket_1:-0.014467 -0.054013 0.045425 0.385393 -1.08737 1.57577
socket_2:0.081743 -0.053794 0.0424 -1.9e-05 -3e-05 1.19983
socket_3:-0.076364 -0.003739 0.037398 1.57101 -1.27625 -1.3124
socket_4:0.009865 -0.022854 0.037476 1.5708 0.615594 0.546266
socket_5:0.068168 0.002258 0.0424 2.3e-05 -4e-06 -0.149051
socket_6:-0.087431 0.041417 0.037454 1.5708 -1.03848 -0.012587
socket_7:-0.039923 0.016485 0.037393 -1.57066 -1.07991 3.02382
socket_8:0.070001 0.058575 0.0424 3.14159 5e-06 0.552526
ground_plane:0 0 0 0 0 0
depth_sensor:0 0 0.8 -3e-06 1.57079 1.57079
table:-0.4 0.4 -0.35 0 0 0
smalltable:0 0.3 -0.35 0 0 0
fixer_ar07:-0.5 0 0 0 0 0
ar6aixs:-0.5 -0 0 -0 0 0
box:0 0 0 0 0 0
result_visualize_socket:0.081842 -0.053634 0.042434 -0.001946 -0.006948 1.61362

[1]
@Object_Recognized:socket
@Closest_Object:socket_5
@Error Euler (degree):-0.016495 -0.100818 -110.439
@Error Quaternion Axis:-0.000979 -0.000467 -0.999999
@Error Quaternion Angle (degree):110.439
@Error Translation:1.9e-05 -0.000261 0.000137
@Error Translation Length:0.000295791
@Estimate_result:
-0.484483 0.874802 0.00109676 0.068148 
-0.8748 -0.484484 0.00137681 0.00199691 
0.00173631 -0.000292204 0.999999 0.0425372 
0 0 0 1 
@Sensor_Pose(not sensor model):
0 0 0.8 4e-06 -0 -1e-06
@Object_Pose:
socket_0:-0.075004 -0.047134 0.037418 -1.5708 -0.282057 -0.177708
socket_1:-0.014467 -0.054013 0.045425 0.385393 -1.08737 1.57577
socket_3:-0.076364 -0.003739 0.037398 1.57101 -1.27625 -1.3124
socket_4:0.009865 -0.022854 0.037476 1.5708 0.615594 0.546266
socket_5:0.068168 0.002258 0.0424 2.3e-05 -4e-06 -0.149051
socket_6:-0.087431 0.041417 0.037454 1.5708 -1.03848 -0.012587
socket_7:-0.039923 0.016485 0.037393 -1.57066 -1.07991 3.02382
socket_8:0.070001 0.058575 0.0424 3.14159 5e-06 0.552526
ground_plane:0 0 0 0 0 0
depth_sensor:0 0 0.8 -3e-06 1.57079 1.57079
table:-0.4 0.4 -0.35 0 0 0
smalltable:0 0.3 -0.35 0 0 0
fixer_ar07:-0.5 0 0 0 0 0
ar6aixs:-0.5 0 0 0 1e-06 -1e-06
box:0 0 0 0 0 0
result_visualize_socket:0.081842 -0.053634 0.042434 -0.001946 -0.006948 1.61362

[2]
@Object_Recognized:socket
@Closest_Object:socket_1
@Error Euler (degree):0.078514 -0.316609 28.0641
@Error Quaternion Axis:0.005504 -0.010369 0.999931
@Error Quaternion Angle (degree):28.0662
@Error Translation:0.000125 4.2e-05 0.000202
@Error Translation Length:0.0002407
@Estimate_result:
-0.435101 -0.814611 0.38353 -0.0144294 
0.246871 -0.517573 -0.819251 -0.0541336 
0.865876 -0.261775 0.426301 0.0456297 
0 0 0 1 
@Sensor_Pose(not sensor model):
0 0 0.8 4e-06 -0 -1e-06
@Object_Pose:
socket_0:-0.075004 -0.047134 0.037418 -1.5708 -0.282057 -0.177708
socket_1:-0.014467 -0.054013 0.045425 0.385393 -1.08737 1.57577
socket_3:-0.076364 -0.003739 0.037398 1.57101 -1.27625 -1.3124
socket_4:0.009865 -0.022854 0.037476 1.5708 0.615594 0.546266
socket_6:-0.087431 0.041417 0.037454 1.5708 -1.03848 -0.012587
socket_7:-0.039923 0.016485 0.037393 -1.57066 -1.07991 3.02382
socket_8:0.070001 0.058575 0.0424 3.14159 5e-06 0.552526
ground_plane:0 0 0 0 0 0
depth_sensor:0 0 0.8 -3e-06 1.57079 1.57079
table:-0.4 0.4 -0.35 0 0 0
smalltable:0 0.3 -0.35 0 0 0
fixer_ar07:-0.5 0 0 0 0 0
ar6aixs:-0.5 -0 0 -0 0 -1e-06
box:0 0 0 0 0 0
result_visualize_socket:0.068148 0.001997 0.042537 -0.000292 -0.001736 -2.07657

[3]
@Object_Recognized:socket
@Closest_Object:socket_4
@Error Euler (degree):1.43994 -4.02858 -76.9641
@Error Quaternion Axis:-0.019338 -0.05674 -0.998202
@Error Quaternion Angle (degree):77.0139
@Error Translation:-0.000376 0.000707 0.000218
@Error Translation Length:0.00082991
@Estimate_result:
-0.286042 0.804275 0.520887 0.0100655 
-0.256127 0.459646 -0.850367 -0.0229879 
-0.923352 -0.376654 0.0745185 0.0382698 
0 0 0 1 
@Sensor_Pose(not sensor model):
0 0 0.8 4e-06 -0 -1e-06
@Object_Pose:
socket_0:-0.075004 -0.047134 0.037418 -1.5708 -0.282057 -0.177708
socket_3:-0.076364 -0.003739 0.037398 1.57101 -1.27625 -1.3124
socket_4:0.009865 -0.022854 0.037476 1.5708 0.615594 0.546266
socket_6:-0.087431 0.041417 0.037454 1.5708 -1.03848 -0.012587
socket_7:-0.039923 0.016485 0.037393 -1.57066 -1.07991 3.02382
socket_8:0.070001 0.058575 0.0424 3.14159 5e-06 0.552526
ground_plane:0 0 0 0 0 0
depth_sensor:0 0 0.8 -3e-06 1.57079 1.57079
table:-0.4 0.4 -0.35 0 0 0
smalltable:0 0.3 -0.35 0 0 0
fixer_ar07:-0.5 0 0 0 0 0
ar6aixs:-0.500001 1e-06 0 5e-06 5e-06 -2.2e-05
box:0 0 0 0 0 0
result_visualize_socket:0.010065 -0.022988 0.03827 -1.37548 1.17672 -2.41132

