[0]
@Object_Recognized:socket
@Closest_Object:socket_3
@Error Euler (degree):0.37562 -0.250757 135.642
@Error Quaternion Axis:0.003525 0.002386 0.999991
@Error Quaternion Angle (degree):135.643
@Error Translation:-4.6e-05 0.000834 7.1e-05
@Error Translation Length:0.000838257
@Estimate_result:
-0.473659 0.8807 -0.00370854 -0.0788971 
-0.880697 -0.473629 0.00691885 0.010791 
0.00433683 0.00654315 0.999969 0.0424711 
0 0 0 1 
@Sensor_Pose(not sensor model):
0 0 0.8 4e-06 -0 -1e-06
@Object_Pose:
socket_0:-0.046191 -0.016212 0.037388 1.5708 -0.883613 -0.194281
socket_1:0.038612 -0.045774 0.0424 1.5e-05 3e-06 2.18595
socket_2:0.079906 -0.03815 0.037409 -1.57079 0.477855 -1.6426
socket_3:-0.078109 0.011067 0.0424 -1.9e-05 -3.7e-05 1.85154
socket_4:-0.002257 -0.04333 0.037473 -1.5708 0.165244 -0.715894
socket_5:0.049847 -0.001375 0.037398 1.5708 -1.07985 -2.53945
socket_6:-0.026975 0.039257 0.037427 1.57085 1.25738 0.314252
socket_7:0.008804 0.011129 0.037421 1.5708 0.702374 -0.120553
socket_8:0.066749 0.062075 0.037398 -1.57079 0.294516 -1.54794
ground_plane:0 0 0 0 0 0
depth_sensor:0 0 0.8 -3e-06 1.57079 1.57079
box:0 0 0 0 0 0
result_visualize_socket:-0.078897 0.010791 0.042471 0.006543 -0.004337 -2.06424

[1]
@Object_Recognized:socket
@Closest_Object:socket_0
@Error Euler (degree):0.047503 -4.23548 -162.688
@Error Quaternion Axis:0.03689 0.00604 0.999301
@Error Quaternion Angle (degree):197.301
@Error Translation:0.00072 0.000333 0.000107
@Error Translation Length:0.000800987
@Estimate_result:
-0.381781 0.909211 -0.166068 -0.0460157 
-0.00015127 -0.17974 -0.983714 -0.0163548 
-0.924253 -0.375538 0.0687587 0.0381562 
0 0 0 1 
@Sensor_Pose(not sensor model):
0 0 0.8 4e-06 -0 -1e-06
@Object_Pose:
socket_0:-0.046191 -0.016212 0.037388 1.5708 -0.883613 -0.194281
socket_1:0.038612 -0.045774 0.0424 1.5e-05 3e-06 2.18595
socket_2:0.079906 -0.03815 0.037409 -1.57079 0.477855 -1.6426
socket_4:-0.002257 -0.04333 0.037473 -1.5708 0.165244 -0.715894
socket_5:0.049847 -0.001375 0.037398 1.5708 -1.07985 -2.53945
socket_6:-0.026975 0.039257 0.037427 1.57085 1.25738 0.314252
socket_7:0.008804 0.011129 0.037421 1.5708 0.702374 -0.120553
socket_8:0.066749 0.062075 0.037398 -1.57079 0.294516 -1.54794
ground_plane:0 0 0 0 0 0
depth_sensor:0 0 0.8 -3e-06 1.57079 1.57079
box:0 0 0 0 0 0
result_visualize_socket:-0.046016 -0.016355 0.038156 -1.38971 1.17907 -3.1412

[2]
@Object_Recognized:socket
@Closest_Object:socket_7
@Error Euler (degree):-0.013637 -4.79192 -68.2962
@Error Quaternion Axis:-0.041901 -0.061399 -0.997233
@Error Quaternion Angle (degree):68.4443
@Error Translation:-0.000439 0.000737 5.4e-05
@Error Translation Length:0.000859948
@Estimate_result:
-0.32459 0.941247 -0.0932487 0.00893762 
-0.0448269 -0.113784 -0.992494 0.0110579 
-0.944792 -0.317974 0.0791264 0.038268 
0 0 0 1 
@Sensor_Pose(not sensor model):
0 0 0.8 4e-06 -0 -1e-06
@Object_Pose:
socket_1:0.038612 -0.045774 0.0424 1.5e-05 3e-06 2.18595
socket_2:0.079906 -0.03815 0.037409 -1.57079 0.477855 -1.6426
socket_4:-0.002257 -0.04333 0.037473 -1.5708 0.165244 -0.715894
socket_5:0.049847 -0.001375 0.037398 1.5708 -1.07985 -2.53945
socket_6:-0.026975 0.039257 0.037427 1.57085 1.25738 0.314252
socket_7:0.008804 0.011129 0.037421 1.5708 0.702374 -0.120553
socket_8:0.066749 0.062075 0.037398 -1.57079 0.294516 -1.54794
ground_plane:0 0 0 0 0 0
depth_sensor:0 0 0.8 -3e-06 1.57079 1.57079
box:0 0 0 0 0 0
result_visualize_socket:0.008938 0.011058 0.038268 -1.3269 1.23696 -3.00436

[3]
@Object_Recognized:socket
@Closest_Object:socket_4
@Error Euler (degree):-3.90966 -3.64277 -27.8437
@Error Quaternion Axis:-0.165696 -0.092047 -0.981872
@Error Quaternion Angle (degree):28.4636
@Error Translation:7.5e-05 -0.000744 -0.000641
@Error Translation Length:0.000985075
@Estimate_result:
0.756285 0.195749 0.624271 -0.00252996 
-0.573631 -0.260454 0.776603 -0.0439426 
0.314613 -0.945435 -0.0846899 0.0381952 
0 0 0 1 
@Sensor_Pose(not sensor model):
0 0 0.8 4e-06 -0 -1e-06
@Object_Pose:
socket_1:0.038612 -0.045774 0.0424 1.5e-05 3e-06 2.18595
socket_2:0.079906 -0.03815 0.037409 -1.57079 0.477855 -1.6426
socket_4:-0.002257 -0.04333 0.037473 -1.5708 0.165244 -0.715894
socket_5:0.049847 -0.001375 0.037398 1.5708 -1.07985 -2.53945
socket_6:-0.026975 0.039257 0.037427 1.57085 1.25738 0.314252
socket_8:0.066749 0.062075 0.037398 -1.57079 0.294516 -1.54794
ground_plane:0 0 0 0 0 0
depth_sensor:0 0 0.8 -3e-06 1.57079 1.57079
box:0 0 0 0 0 0
result_visualize_socket:-0.00253 -0.043943 0.038195 -1.66014 -0.320049 -0.648909

[4]
@Object_Recognized:socket
@Closest_Object:socket_2
@Error Euler (degree):1.40528 -3.59754 42.5544
@Error Quaternion Axis:0.062566 -0.06802 0.99572
@Error Quaternion Angle (degree):42.7651
@Error Translation:-0.00034 -0.000705 0.000658
@Error Translation Length:0.00102237
@Estimate_result:
0.0380219 0.0918261 0.995049 0.0805602 
-0.346056 0.935362 -0.073095 -0.0382203 
-0.937443 -0.341564 0.0673414 0.0381913 
0 0 0 1 
@Sensor_Pose(not sensor model):
0 0 0.8 4e-06 -0 -1e-06
@Object_Pose:
socket_1:0.038612 -0.045774 0.0424 1.5e-05 3e-06 2.18595
socket_2:0.079906 -0.03815 0.037409 -1.57079 0.477855 -1.6426
socket_5:0.049847 -0.001375 0.037398 1.5708 -1.07985 -2.53945
socket_6:-0.026975 0.039257 0.037427 1.57085 1.25738 0.314252
socket_8:0.066749 0.062075 0.037398 -1.57079 0.294516 -1.54794
ground_plane:0 0 0 0 0 0
depth_sensor:0 0 0.8 -3e-06 1.57079 1.57079
box:0 0 0 0 0 0
result_visualize_socket:0.08056 -0.03822 0.038191 -1.37614 1.21521 -1.46136

[5]
@Object_Recognized:socket
@Closest_Object:socket_5
@Error Euler (degree):2.03111 -3.92876 -175.382
@Error Quaternion Axis:0.033559 0.019096 0.999254
@Error Quaternion Angle (degree):184.684
@Error Translation:0.000679 0.000406 -3.7e-05
@Error Translation Length:0.000792383
@Estimate_result:
0.289188 -0.776054 -0.560455 0.0498996 
0.281895 -0.490472 0.824605 -0.001384 
-0.914825 -0.396456 0.0769275 0.0381882 
0 0 0 1 
@Sensor_Pose(not sensor model):
0 0 0.8 4e-06 -0 -1e-06
@Object_Pose:
socket_1:0.038612 -0.045774 0.0424 1.5e-05 3e-06 2.18595
socket_5:0.049847 -0.001375 0.037398 1.5708 -1.07985 -2.53945
socket_6:-0.026975 0.039257 0.037427 1.57085 1.25738 0.314252
socket_8:0.066749 0.062075 0.037398 -1.57079 0.294516 -1.54794
ground_plane:0 0 0 0 0 0
depth_sensor:0 0 0.8 -3e-06 1.57079 1.57079
box:0 0 0 0 0 0
result_visualize_socket:0.0499 -0.001384 0.038188 -1.37914 1.15508 0.772629

[6]
@Object_Recognized:socket
@Closest_Object:socket_8
@Error Euler (degree):1.59019 -3.62904 56.8732
@Error Quaternion Axis:0.057111 -0.04447 0.997377
@Error Quaternion Angle (degree):57.0498
@Error Translation:-0.000239 -0.000768 -0.000106
@Error Translation Length:0.000811142
@Estimate_result:
0.0696629 0.00574804 0.997554 0.0666431 
-0.277787 0.960543 0.0138641 0.062079 
-0.958113 -0.278073 0.0685108 0.0382017 
0 0 0 1 
@Sensor_Pose(not sensor model):
0 0 0.8 4e-06 -0 -1e-06
@Object_Pose:
socket_1:0.038612 -0.045774 0.0424 1.5e-05 3e-06 2.18595
socket_6:-0.026975 0.039257 0.037427 1.57085 1.25738 0.314252
socket_8:0.066749 0.062075 0.037398 -1.57079 0.294516 -1.54794
ground_plane:0 0 0 0 0 0
depth_sensor:0 0 0.8 -3e-06 1.57079 1.57079
box:0 0 0 0 0 0
result_visualize_socket:0.066643 0.062079 0.038202 -1.32923 1.28034 -1.32508

[7]
@Object_Recognized:socket
@Closest_Object:socket_6
@Error Euler (degree):0.349334 -0.483638 -77.8817
@Error Quaternion Axis:-0.000448 -0.008271 -0.999966
@Error Quaternion Angle (degree):77.8821
@Error Translation:-0.000121 4.7e-05 0.000216
@Error Translation Length:0.000251693
@Estimate_result:
-0.820363 0.478525 0.31308 -0.0269013 
-0.275456 0.149108 -0.949679 0.0390539 
-0.501128 -0.865323 0.00948968 0.0375565 
0 0 0 1 
@Sensor_Pose(not sensor model):
0 0 0.8 4e-06 -0 -1e-06
@Object_Pose:
socket_1:0.038612 -0.045774 0.0424 1.5e-05 3e-06 2.18595
socket_6:-0.026975 0.039257 0.037427 1.57085 1.25738 0.314252
ground_plane:0 0 0 0 0 0
depth_sensor:0 0 0.8 -3e-06 1.57079 1.57079
box:0 0 0 0 0 0
result_visualize_socket:-0.026901 0.039054 0.037557 -1.55983 0.524901 -2.81765

