[0]
@Object_Recognized:socket
@Closest_Object:socket_4
@Error Euler (degree):0.169176 0.138332 -170.332
@Error Quaternion Axis:-0.001332 0.001374 0.999998
@Error Quaternion Angle (degree):189.668
@Error Translation:-0.000657 0.000348 2e-06
@Error Translation Length:0.000743119
@Estimate_result:
-0.93722 0.348727 -0.00319284 0.00387673 
-0.348736 -0.937221 0.00201928 0.00143265 
-0.00228837 0.00300625 0.999993 0.0424044 
0 0 0 1 
@Sensor_Pose(not sensor model):
0 0 0.8 4e-06 -0 -1e-06
@Object_Pose:
socket_0:-0.055395 -0.025595 0.037436 -1.57032 -0.855332 3.00608
socket_1:-0.020409 -0.03493 0.04345 -3.01823 -0.980285 -1.52029
socket_2:0.053029 -0.040806 0.037403 1.5708 -0.886731 3.12782
socket_3:-0.079131 0.038057 0.037465 -1.5708 -0.435803 -1.53727
socket_4:0.004587 0.001213 0.042402 -7.4e-05 0.000115 0.187481
socket_5:0.081707 0.006923 0.037462 1.57074 1.02904 0.569472
socket_6:-0.036265 0.017652 0.037416 1.57105 1.09225 -0.049876
socket_7:0.011806 0.053509 0.037396 1.57091 0.098036 -1.02569
socket_8:0.017595 -0.049349 0.037398 -1.5708 -0.294543 -0.020285
ground_plane:0 0 0 0 0 0
depth_sensor:0 0 0.8 -3e-06 1.57079 1.57079
table:-0.4 0.4 -0.35 0 0 0
smalltable:0 0.3 -0.35 0 0 0
fixer_ar07:-0.5 0 0 0 0 0
ar6aixs:-0.5 -0 0 -0 0 0
box:0 0 0 0 0 0
result_visualize_socket:-0.14 1 2 0 0 0

[1]
@Object_Recognized:socket
@Closest_Object:socket_1
@Error Euler (degree):-0.279391 -0.279116 -134.224
@Error Quaternion Axis:0.003465 -0.00141 0.999993
@Error Quaternion Angle (degree):225.775
@Error Translation:0.000142 2.2e-05 -0.000307
@Error Translation Length:0.000339
@Estimate_result:
0.687762 0.707027 0.164607 -0.0204771 
0.49291 -0.288359 -0.820908 -0.0347614 
-0.532938 0.645726 -0.546823 0.0437363 
0 0 0 1 
@Sensor_Pose(not sensor model):
0 0 0.8 4e-06 -0 -1e-06
@Object_Pose:
socket_0:-0.055395 -0.025595 0.037436 -1.57032 -0.855332 3.00608
socket_1:-0.020409 -0.03493 0.04345 -3.01823 -0.980285 -1.52029
socket_2:0.053029 -0.040806 0.037403 1.5708 -0.886731 3.12782
socket_3:-0.079131 0.038057 0.037465 -1.5708 -0.435803 -1.53727
socket_5:0.081707 0.006923 0.037462 1.57074 1.02904 0.569472
socket_6:-0.036265 0.017652 0.037416 1.57105 1.09225 -0.049876
socket_7:0.011806 0.053509 0.037396 1.57091 0.098036 -1.02569
socket_8:0.017595 -0.049349 0.037398 -1.5708 -0.294543 -0.020285
ground_plane:0 0 0 0 0 0
depth_sensor:0 0 0.8 -3e-06 1.57079 1.57079
table:-0.4 0.4 -0.35 0 0 0
smalltable:0 0.3 -0.35 0 0 0
fixer_ar07:-0.5 0 0 0 0 0
ar6aixs:-0.5 -0 0 -0 0 0
box:0 0 0 0 0 0
result_visualize_socket:-0.020477 -0.034761 0.043736 2.27345 0.562069 0.621838

[2]
@Object_Recognized:socket
@Closest_Object:socket_0
@Error Euler (degree):-3.54282 0.284901 119.183
@Error Quaternion Axis:-0.020623 -0.029447 0.999354
@Error Quaternion Angle (degree):119.224
@Error Translation:0.000691 0.000227 -0.00033
@Error Translation Length:0.000798583
@Estimate_result:
-0.335409 0.938792 -0.0785572 -0.0559689 
0.050337 -0.0654092 -0.996588 -0.0251833 
-0.940727 -0.338219 -0.0253172 0.0378086 
0 0 0 1 
@Sensor_Pose(not sensor model):
0 0 0.8 4e-06 -0 -1e-06
@Object_Pose:
socket_0:-0.055395 -0.025595 0.037436 -1.57032 -0.855332 3.00608
socket_2:0.053029 -0.040806 0.037403 1.5708 -0.886731 3.12782
socket_3:-0.079131 0.038057 0.037465 -1.5708 -0.435803 -1.53727
socket_5:0.081707 0.006923 0.037462 1.57074 1.02904 0.569472
socket_6:-0.036265 0.017652 0.037416 1.57105 1.09225 -0.049876
socket_7:0.011806 0.053509 0.037396 1.57091 0.098036 -1.02569
socket_8:0.017595 -0.049349 0.037398 -1.5708 -0.294543 -0.020285
ground_plane:0 0 0 0 0 0
depth_sensor:0 0 0.8 -3e-06 1.57079 1.57079
table:-0.4 0.4 -0.35 0 0 0
smalltable:0 0.3 -0.35 0 0 0
fixer_ar07:-0.5 0 0 0 0 0
ar6aixs:-0.5 -0 0 -0 0 0
box:0 0 0 0 0 0
result_visualize_socket:-0.055969 -0.025183 0.037809 -1.64551 1.22477 2.99263

[3]
@Object_Recognized:socket
@Closest_Object:socket_6
@Error Euler (degree):1.64446 -4.05335 -50.1768
@Error Quaternion Axis:-0.004719 -0.089668 -0.995961
@Error Quaternion Angle (degree):50.2968
@Error Translation:-0.000685 0.000376 0.000258
@Error Translation Length:0.000822841
@Estimate_result:
-0.388927 0.919962 -0.0490623 -0.0362595 
-0.0511676 -0.0747434 -0.99589 0.0173939 
-0.919847 -0.384818 0.0761418 0.0381968 
0 0 0 1 
@Sensor_Pose(not sensor model):
0 0 0.8 4e-06 -0 -1e-06
@Object_Pose:
socket_2:0.053029 -0.040806 0.037403 1.5708 -0.886731 3.12782
socket_3:-0.079131 0.038057 0.037465 -1.5708 -0.435803 -1.53727
socket_5:0.081707 0.006923 0.037462 1.57074 1.02904 0.569472
socket_6:-0.036265 0.017652 0.037416 1.57105 1.09225 -0.049876
socket_7:0.011806 0.053509 0.037396 1.57091 0.098036 -1.02569
socket_8:0.017595 -0.049349 0.037398 -1.5708 -0.294543 -0.020285
ground_plane:0 0 0 0 0 0
depth_sensor:0 0 0.8 -3e-06 1.57079 1.57079
table:-0.4 0.4 -0.35 0 0 0
smalltable:0 0.3 -0.35 0 0 0
fixer_ar07:-0.5 0 0 0 0 0
ar6aixs:-0.5 -0 0 -0 0 0
box:0 0 0 0 0 0
result_visualize_socket:-0.055969 -0.025183 0.037809 -1.64551 1.22477 2.99263

