[0]
@Object_Recognized:alloy_rod_0_03m
@Closest_Object:alloy_rod_0_03m_2
@Error Euler (degree):178.776 -31.1221 -176.194
@Error Quaternion Axis:-0.030231 0.999542 0.001427
@Error Quaternion Angle (degree):211.143
@Error Translation:0.038684 0.000797 0.018968
@Error Translation Length:0.0430917
@Estimate_result:
-0.0920846 -0.0407473 0.994916 0.0602926 
-0.0613442 0.997496 0.0351752 -0.073631 
-0.99386 -0.0577931 -0.0943539 0.0545736 
0 0 0 1 
@Sensor_Pose(not sensor model):
0 0 0.8 4e-06 -0 -1e-06
@Object_Pose:
alloy_rod_0_03m_0:-0.080526 -0.076531 0.016002 0 -1.24859 -0.00107
alloy_rod_0_03m_1:-0.026531 -0.039638 0.054994 -3.14159 0.46487 3.04669
alloy_rod_0_03m_2:0.094169 -0.072789 0.027954 -3.14159 -1.12188 -3.09321
alloy_rod_0_03m_3:-0.065356 -0.003177 0.014462 -6.3e-05 -0.523625 -0.040442
alloy_rod_0_03m_4:-0.002575 0.053132 0.051035 -3.1415 0.074617 0.055284
alloy_rod_0_03m_5:0.091511 0.013218 0.014675 -0 -0.492681 0.889849
alloy_rod_0_03m_6:-0.057043 0.231719 0.03292 -3.14159 0.224446 -0.210836
alloy_rod_0_03m_7:0.044218 0.209816 0.035791 -3.14159 0.976012 -0.198619
alloy_rod_0_03m_8:0.206369 0.265367 -0.003622 0 -1.28736 -2.75208
ground_plane:0 0 0 0 0 0
depth_sensor:0 0 0.8 -3e-06 1.57079 1.57079
box:0 0 0 0 0 0
result_visualize_alloy_rod_0_03m:0.060293 -0.073631 0.054574 -2.59202 1.45992 -2.55393

[1]
@Object_Recognized:alloy_rod_0_03m
@Closest_Object:alloy_rod_0_03m_1
@Error Euler (degree):-9.9646 -10.3666 -4.67549
@Error Quaternion Axis:-0.673099 -0.645498 -0.360929
@Error Quaternion Angle (degree):15.384
@Error Translation:0.007626 -0.020267 -0.02866
@Error Translation Length:0.0359213
@Estimate_result:
0.111299 0.261305 -0.958818 -0.000975617 
0.0879895 -0.963614 -0.252399 0.0745216 
-0.989883 -0.0562742 -0.130241 0.0548692 
0 0 0 1 
@Sensor_Pose(not sensor model):
0 0 0.8 4e-06 -0 -1e-06
@Object_Pose:
alloy_rod_0_03m_0:-0.092209 -0.052051 0.019991 1.57072 5.1e-05 0.36927
alloy_rod_0_03m_1:-0.02917 0.052294 0.053708 -3.14135 1.27162 0.067989
alloy_rod_0_03m_2:0.069902 -0.219808 -0.001125 8e-06 -0.074859 0.000996
alloy_rod_0_03m_3:-0.052951 -0.012273 0.020001 1.57084 -7.7e-05 -1.3335
alloy_rod_0_03m_4:0.02716 0.001471 0.031014 3.14159 -0.972418 -2.8731
alloy_rod_0_03m_5:0.085553 0.000682 0.048784 -3.14159 -0.07489 -3.02376
alloy_rod_0_03m_6:-0.092478 0.043909 0.019974 1.53546 -0.001738 1.04961
alloy_rod_0_03m_7:0.014825 0.239514 0.014164 -3.14159 -0.822742 -0.481431
alloy_rod_0_03m_8:0.116287 0.199678 0.036156 -3.14159 0.822845 -0.341234
ground_plane:0 0 0 0 0 0
depth_sensor:0 0 0.8 -3e-06 1.57079 1.57079
box:0 0 0 0 0 0
result_visualize_alloy_rod_0_03m:-0.000976 0.074522 0.054869 -2.73374 1.42844 0.668964

[2]
@Object_Recognized:alloy_rod_0_03m
@Closest_Object:alloy_rod_0_03m_4
@Error Euler (degree):8.37775 -68.6286 -8.14488
@Error Quaternion Axis:0.035798 -0.998884 -0.030805
@Error Quaternion Angle (degree):68.905
@Error Translation:0.023401 0.002822 -0.007416
@Error Translation Length:0.0247096
@Estimate_result:
0.410029 0.0235528 -0.911769 0.0217091 
0.0577214 -0.998333 0.00016881 0.0536941 
-0.910244 -0.0526977 -0.410705 0.0578177 
0 0 0 1 
@Sensor_Pose(not sensor model):
0 0 0.8 4e-06 -0 -1e-06
@Object_Pose:
alloy_rod_0_03m_0:-0.077404 -0.076968 0.053707 -3.14142 1.27162 3.14119
alloy_rod_0_03m_1:-9.5e-05 -0.219702 -0.001121 -0 -0.074847 0.001005
alloy_rod_0_03m_2:0.086778 -0.081299 0.034367 -3.14159 -0.813722 2.93085
alloy_rod_0_03m_3:-0.020435 -0.026655 0.014464 5.3e-05 -0.523628 -2.01711
alloy_rod_0_03m_4:-0.001293 0.056175 0.04914 -3.14159 -0.054404 0.014844
alloy_rod_0_03m_5:0.072009 4.8e-05 0.027943 -3.14155 -1.12201 -3.13253
alloy_rod_0_03m_6:-0.025365 -0.009286 0.031014 -3.14159 -0.972416 2.71466
alloy_rod_0_03m_7:0.053911 0.207863 0.033858 -3.14146 1.25811 -0.198534
ground_plane:0 0 0 0 0 0
depth_sensor:0 0 0.8 -3e-06 1.57079 1.57079
box:0 0 0 0 0 0
result_visualize_alloy_rod_0_03m:0.021709 0.053694 0.057818 -3.01398 1.14387 0.139855

[3]
@Object_Recognized:alloy_rod_0_03m
@Closest_Object:alloy_rod_0_03m_2
@Error Euler (degree):0.693582 -35.9066 -0.236226
@Error Quaternion Axis:0.016616 -0.999862 -0.000309
@Error Quaternion Angle (degree):35.9124
@Error Translation:0.011655 0.000129 -0.006656
@Error Translation Length:0.013422
@Estimate_result:
-0.616561 0.206299 0.759799 0.0185476 
-0.474302 0.672951 -0.567605 -0.0529285 
-0.628403 -0.710337 -0.317067 0.10172 
0 0 0 1 
@Sensor_Pose(not sensor model):
0 0 0.8 4e-06 -0 -1e-06
@Object_Pose:
alloy_rod_0_03m_0:-0.070101 -0.219784 -0.001125 3.9e-05 -0.074864 0.001223
alloy_rod_0_03m_1:0.015188 -0.027342 0.100002 -1.57087 -0 3.00086
alloy_rod_0_03m_2:0.031245 -0.057262 0.101342 -2.30179 0.326702 -3.0853
alloy_rod_0_03m_3:-0.069716 -0.000197 0.016987 -1.1e-05 -0.224417 0.007564
alloy_rod_0_03m_4:-0.006978 -0.016356 0.031006 -3.14157 -0.972409 -3.1311
alloy_rod_0_03m_5:0.06213 -0.003702 0.017886 -2e-06 -1.42118 -0.184285
alloy_rod_0_03m_6:-0.068109 0.215324 0.034398 3.14159 0.374058 -0.11197
alloy_rod_0_03m_7:-0.011792 -0.006308 0.018878 -0 -0.074832 -0.217712
alloy_rod_0_03m_8:0.108451 0.217186 0.0358 -3.14159 0.972886 -0.150535
ground_plane:0 0 0 0 0 0
depth_sensor:0 0 0.8 -3e-06 1.57079 1.57079
box:0 0 0 0 0 0
result_visualize_alloy_rod_0_03m:0.018548 -0.052929 0.10172 -1.99062 0.679499 -2.48587

[4]
@Object_Recognized:alloy_rod_0_03m
@Closest_Object:alloy_rod_0_03m_2
@Error Euler (degree):21.349 -70.3494 -6.7949
@Error Quaternion Axis:0.199662 -0.974745 0.100034
@Error Quaternion Angle (degree):72.1657
@Error Translation:-0.002814 -0.009418 7.9e-05
@Error Translation Length:0.00982919
@Estimate_result:
-0.0380331 -0.338449 0.940216 0.0603917 
-0.0745398 0.939236 0.335081 -0.0717312 
-0.996493 -0.0573393 -0.06095 0.0540843 
0 0 0 1 
@Sensor_Pose(not sensor model):
0 0 0.8 4e-06 -0 -1e-06
@Object_Pose:
alloy_rod_0_03m_0:0.061342 -0.131816 0.026457 -0 1.35597 3.06733
alloy_rod_0_03m_1:-0.031467 -0.070272 0.055793 3.14158 0.972223 -3.12267
alloy_rod_0_03m_2:0.052795 -0.065529 0.053418 -3.14159 0.266998 -2.53809
alloy_rod_0_03m_3:-0.076885 0.00279 0.046239 -3.1415 -0.224761 0.018929
alloy_rod_0_03m_4:0.05232 0.008494 0.014563 -0 -0.509201 -2.78933
alloy_rod_0_03m_5:0.094669 -0.046248 0.032746 -0.396603 -0.929238 0.471154
alloy_rod_0_03m_6:-0.107729 0.215456 0.034398 3.14159 0.374058 -0.046688
alloy_rod_0_03m_7:-0.05037 0.245072 -0.0038 2.4e-05 -1.27166 2.74188
alloy_rod_0_03m_8:0.118448 0.194951 0.015743 3e-05 0.822756 2.67933
ground_plane:0 0 0 0 0 0
depth_sensor:0 0 0.8 -3e-06 1.57079 1.57079
box:0 0 0 0 0 0
result_visualize_alloy_rod_0_03m:0.060392 -0.071731 0.054084 -2.38671 1.48702 -2.0426

