[0]
@Object_Recognized:socket
@Closest_Object:socket_0
@Error Euler (degree):-0.116941 -0.226368 84.1618
@Error Quaternion Axis:0.000845 -0.003208 0.999994
@Error Quaternion Angle (degree):84.1618
@Error Translation:-0.00074 -7e-05 -1.4e-05
@Error Translation Length:0.000743051
@Estimate_result:
0.158774 -0.987311 -0.00263768 -0.0339422 
0.987307 0.158782 -0.00355498 -0.0604899 
0.00392871 -0.00203981 0.999991 0.0423862 
0 0 0 1 
@Sensor_Pose(not sensor model):
0 0 0.8 4e-06 -0 -1e-06
@Object_Pose:
socket_0:-0.0332 -0.060462 0.0424 -2.2e-05 3e-06 -0.057553
socket_1:0.01883 -0.054095 0.037428 1.5708 0.706932 0.305813
socket_2:0.08613 -0.029769 0.037398 -1.57079 1.07993 0.048445
socket_3:-0.079941 -0.009492 0.037407 1.57079 1.28204 1.39797
socket_4:-0.00548 -0.012155 0.037481 1.5708 -0.382588 0.187844
socket_5:0.067051 0.014512 0.037398 1.5708 -0.098166 0.032793
socket_6:-0.086091 0.032236 0.037388 -1.57085 -1.27629 2.96433
socket_7:-0.044528 0.022652 0.037388 -1.57079 -0.883488 3.03086
socket_8:0.003546 0.034515 0.037426 -1.57081 -0.510751 2.18676
ground_plane:0 0 0 0 0 0
depth_sensor:0 0 0.8 -3e-06 1.57079 1.57079
table:-0.4 0.4 -0.35 0 0 0
smalltable:0 0.3 -0.35 0 0 0
fixer_ar07:-0.5 0 0 0 0 0
ar6aixs:-0.5 -0 0 -0 0 0
box:0 0 0 0 0 0
result_visualize_socket:-0.033942 -0.06049 0.042386 -0.00204 -0.003929 1.41135

[1]
@Object_Recognized:socket
@Closest_Object:socket_4
@Error Euler (degree):1.86033 -4.07402 -133.921
@Error Quaternion Axis:0.028644 0.031342 0.999098
@Error Quaternion Angle (degree):226.108
@Error Translation:0.00024 0.000813 4.1e-05
@Error Translation Length:0.000848236
@Estimate_result:
-0.35382 0.91729 0.182734 -0.00555178 
-0.139573 0.141402 -0.980064 -0.012211 
-0.924841 -0.372271 0.0779981 0.0383242 
0 0 0 1 
@Sensor_Pose(not sensor model):
0 0 0.8 4e-06 -0 -1e-06
@Object_Pose:
socket_1:0.01883 -0.054095 0.037428 1.5708 0.706932 0.305813
socket_2:0.08613 -0.029769 0.037398 -1.57079 1.07993 0.048445
socket_3:-0.079941 -0.009492 0.037407 1.57079 1.28204 1.39797
socket_4:-0.00548 -0.012155 0.037481 1.5708 -0.382588 0.187844
socket_5:0.067051 0.014512 0.037398 1.5708 -0.098166 0.032793
socket_6:-0.086091 0.032236 0.037388 -1.57085 -1.27629 2.96433
socket_7:-0.044528 0.022652 0.037388 -1.57079 -0.883488 3.03086
socket_8:0.003546 0.034515 0.037426 -1.57081 -0.510751 2.18676
ground_plane:0 0 0 0 0 0
depth_sensor:0 0 0.8 -3e-06 1.57079 1.57079
table:-0.4 0.4 -0.35 0 0 0
smalltable:0 0.3 -0.35 0 0 0
fixer_ar07:-0.5 0 0 0 0 0
ar6aixs:-0.5 -0 0 -0 0 0
box:0 0 0 0 0 0
result_visualize_socket:-0.005552 -0.012211 0.038324 -1.36427 1.18062 -2.76586

[2]
@Object_Recognized:socket
@Closest_Object:socket_1
@Error Euler (degree):-3.48178 -0.298415 -74.0157
@Error Quaternion Axis:-0.042867 0.026901 -0.998719
@Error Quaternion Angle (degree):74.0954
@Error Translation:-0.000628 -0.000214 -0.000489
@Error Translation Length:0.000823611
@Estimate_result:
-0.39418 0.847593 0.355257 0.0180955 
-0.129911 0.331285 -0.934545 -0.0538147 
-0.909805 -0.414531 -0.0204743 0.0376731 
0 0 0 1 
@Sensor_Pose(not sensor model):
0 0 0.8 4e-06 -0 -1e-06
@Object_Pose:
socket_1:0.01883 -0.054095 0.037428 1.5708 0.706932 0.305813
socket_2:0.08613 -0.029769 0.037398 -1.57079 1.07993 0.048445
socket_3:-0.079941 -0.009492 0.037407 1.57079 1.28204 1.39797
socket_5:0.067051 0.014512 0.037398 1.5708 -0.098166 0.032793
socket_6:-0.086091 0.032236 0.037388 -1.57085 -1.27629 2.96433
socket_7:-0.044528 0.022652 0.037388 -1.57079 -0.883488 3.03086
socket_8:0.003546 0.034515 0.037426 -1.57081 -0.510751 2.18676
ground_plane:0 0 0 0 0 0
depth_sensor:0 0 0.8 -3e-06 1.57079 1.57079
table:-0.4 0.4 -0.35 0 0 0
smalltable:0 0.3 -0.35 0 0 0
fixer_ar07:-0.5 0 0 0 0 0
ar6aixs:-0.5 -0 0 -0 0 0
box:0 0 0 0 0 0
result_visualize_socket:0.018096 -0.053815 0.037673 -1.62015 1.14281 -2.82323

