[0]
@Object_Recognized:socket
@Closest_Object:socket_12
@Error Euler (degree):0.337253 0.367946 -68.8193
@Error Quaternion Axis:0.007507 0.001745 -0.99997
@Error Quaternion Angle (degree):68.8219
@Error Translation:9.1e-05 0.000174 -0.00076
@Error Translation Length:0.000785274
@Estimate_result:
0.153688 -0.0929477 -0.983739 -0.07305 
-0.939999 -0.320652 -0.116558 -0.00369357 
-0.304604 0.942626 -0.136651 0.0809422 
0 0 0 1 
@Sensor_Pose(not sensor model):
0 0 0.8 4e-06 -0 -1e-06
@Object_Pose:
socket_0:-0.064097 -0.039596 0.0424 -5.1e-05 9e-06 0.502021
socket_1:-0.02917 -0.027058 0.037477 1.57066 1.20238 -0.213781
socket_2:0.031176 -0.023288 0.037445 -1.57116 -0.327168 -1.46038
socket_3:-0.072836 -0.003555 0.042404 3.14137 -9.9e-05 0.182774
socket_4:0.001336 0.008037 0.0424 -3e-06 -9e-06 0.826304
socket_5:0.078499 -0.013261 0.037399 1.57081 0.491839 1.45421
socket_6:-0.087545 0.039039 0.0374 1.57066 1.08255 -3.13582
socket_7:0.019568 0.038732 0.037505 1.52268 1.54444 1.00209
socket_8:0.065 0.044762 0.042414 -0.000777 2.4e-05 -1.53117
socket_9:-0.037196 -0.045628 0.077783 0.749197 0.85632 0.682345
socket_10:-0.007478 -0.052403 0.056364 -0.440776 1.28635 0.768146
socket_11:0.052168 -0.061228 0.04452 3.08514 0.183674 1.65679
socket_12:-0.073767 -0.003854 0.080665 1.77434 -0.877781 -1.61468
socket_13:-0.034245 0.017542 0.056805 2.35296 -0.040977 -2.99359
socket_14:0.084789 -0.049013 0.0424 2e-06 1e-06 -2.67409
socket_15:-0.049374 0.052319 0.037476 1.5703 -1.54499 -1.38185
socket_16:0.036556 0.054415 0.069557 -2.53242 -0.125689 2.60506
socket_17:0.087502 0.015995 0.056091 2.93555 0.326661 -2.14343
ground_plane:0 0 0 0 0 0
depth_sensor:0 0 0.8 -3e-06 1.57079 1.57079
table:-0.4 0.4 -0.35 0 0 0
smalltable:0 0.3 -0.35 0 0 0
fixer_ar07:-0.5 0 0 0 0 0
ar6aixs:-0.5 -0 0 -0 -0 0
box:0 0 0 0 0 0
result_visualize_socket:-0.14 1 2 0 0 0

