[0]
@Object_Recognized:socket
@Closest_Object:socket_8
@Error Euler (degree):-0.057335 0.745526 51.0358
@Error Quaternion Axis:-0.007553 0.013127 0.999885
@Error Quaternion Angle (degree):51.0413
@Error Translation:0.00016 0.000124 -9e-05
@Error Translation Length:0.000221603
@Estimate_result:
-0.552811 0.590401 -0.588071 0.0777034 
0.354335 0.805274 0.475374 0.0109644 
0.754219 0.0544177 -0.654364 0.0450439 
0 0 0 1 
@Sensor_Pose(not sensor model):
0 0 0.8 4e-06 -0 -1e-06
@Object_Pose:
socket_0:-0.051805 -0.042036 0.037392 -1.57094 0.882034 -0.127471
socket_1:-0.015236 -0.026155 0.037398 -1.57079 -0.687241 0.268934
socket_2:0.077159 -0.061412 0.037399 -1.57076 0.688054 -1.57976
socket_3:-0.055094 0.012115 0.037393 1.57192 -1.47263 -1.74571
socket_4:0.022481 -0.000821 0.037399 -1.57119 -1.27627 0.651975
socket_5:0.082401 -0.026585 0.037646 1.56213 -0.146133 1.55934
socket_6:-0.087292 0.051253 0.037412 -1.5708 -0.08921 0.032729
socket_7:0.016594 0.044607 0.037411 1.57082 0.701248 1.83094
socket_8:0.077789 0.010973 0.04484 2.39578 -0.441262 -2.68357
ground_plane:0 0 0 0 0 0
depth_sensor:0 0 0.8 -3e-06 1.57079 1.57079
table:-0.4 0.4 -0.35 0 0 0
smalltable:0 0.3 -0.35 0 0 0
fixer_ar07:-0.5 0 0 0 0 0
ar6aixs:-0.5 -0 0 -0 0 0
box:0 0 0 0 0 0
result_visualize_socket:-0.14 1 2 0 0 0

[1]
@Object_Recognized:socket
@Closest_Object:socket_5
@Error Euler (degree):0.598639 -4.37292 -113.811
@Error Quaternion Axis:-0.034742 -0.03008 -0.998944
@Error Quaternion Angle (degree):113.844
@Error Translation:0.000259 0.00091 4.9e-05
@Error Translation Length:0.000947216
@Estimate_result:
0.0811 0.0249531 0.996394 0.0824434 
-0.266474 0.963839 -0.00244856 -0.0264621 
-0.960424 -0.265314 0.0848166 0.038584 
0 0 0 1 
@Sensor_Pose(not sensor model):
0 0 0.8 4e-06 -0 -1e-06
@Object_Pose:
socket_0:-0.051805 -0.042036 0.037392 -1.57094 0.882034 -0.127471
socket_1:-0.015236 -0.026155 0.037398 -1.57079 -0.687241 0.268934
socket_2:0.077159 -0.061412 0.037399 -1.57076 0.688054 -1.57976
socket_3:-0.055094 0.012115 0.037393 1.57192 -1.47263 -1.74571
socket_4:0.022481 -0.000821 0.037399 -1.57119 -1.27627 0.651975
socket_5:0.082401 -0.026585 0.037646 1.56213 -0.146133 1.55934
socket_6:-0.087292 0.051253 0.037412 -1.5708 -0.08921 0.032729
socket_7:0.016594 0.044607 0.037411 1.57082 0.701248 1.83094
ground_plane:0 0 0 0 0 0
depth_sensor:0 0 0.8 -3e-06 1.57079 1.57079
table:-0.4 0.4 -0.35 0 0 0
smalltable:0 0.3 -0.35 0 0 0
fixer_ar07:-0.5 0 0 0 0 0
ar6aixs:-0.5 -0 0 -0 0 -1e-06
box:0 0 0 0 0 0
result_visualize_socket:0.082443 -0.026462 0.038584 -1.26138 1.28852 -1.27536

[2]
@Object_Recognized:socket
@Closest_Object:socket_4
@Error Euler (degree):3.51329 -3.42131 138.397
@Error Quaternion Axis:0.041458 0.019296 0.998954
@Error Quaternion Angle (degree):138.542
@Error Translation:0.000876 -6.4e-05 -1.2e-05
@Error Translation Length:0.000877972
@Estimate_result:
0.295878 -0.759135 -0.579804 0.0226417 
0.300604 -0.502145 0.810857 -0.000712916 
-0.906694 -0.414206 0.0796249 0.0382551 
0 0 0 1 
@Sensor_Pose(not sensor model):
0 0 0.8 4e-06 -0 -1e-06
@Object_Pose:
socket_0:-0.051805 -0.042036 0.037392 -1.57094 0.882034 -0.127471
socket_1:-0.015236 -0.026155 0.037398 -1.57079 -0.687241 0.268934
socket_2:0.077159 -0.061412 0.037399 -1.57076 0.688054 -1.57976
socket_3:-0.055094 0.012115 0.037393 1.57192 -1.47263 -1.74571
socket_4:0.022481 -0.000821 0.037399 -1.57119 -1.27627 0.651975
socket_6:-0.087292 0.051253 0.037412 -1.5708 -0.08921 0.032729
socket_7:0.016594 0.044607 0.037411 1.57082 0.701248 1.83094
ground_plane:0 0 0 0 0 0
depth_sensor:0 0 0.8 -3e-06 1.57079 1.57079
table:-0.4 0.4 -0.35 0 0 0
smalltable:0 0.3 -0.35 0 0 0
fixer_ar07:-0.5 0 0 0 0 0
ar6aixs:-0.5 -0 0 -0 0 -1e-06
box:0 0 0 0 0 0
result_visualize_socket:0.022642 -0.000713 0.038255 -1.38088 1.13538 0.793321

