[0]
@Object_Recognized:socket
@Closest_Object:socket_3
@Error Euler (degree):-0.043493 -0.293045 -115.179
@Error Quaternion Axis:-0.002799 -0.001244 -0.999995
@Error Quaternion Angle (degree):115.18
@Error Translation:-0.000498 0.00014 3.6e-05
@Error Translation Length:0.000518332
@Estimate_result:
-0.53865 0.842524 0.00340049 -0.0696492 
-0.842516 -0.538659 0.00387626 -0.00289048 
0.00509702 -0.00077769 0.999987 0.0424362 
0 0 0 1 
@Sensor_Pose(not sensor model):
0 0 0.8 4e-06 -0 -1e-06
@Object_Pose:
socket_0:-0.071041 -0.051864 0.037444 1.57079 1.30844 2.34598
socket_1:0.035599 -0.054662 0.038776 -1.76565 0.537202 -0.003475
socket_2:0.0709 -0.056419 0.0424 2.1e-05 -0.000155 -0.669994
socket_3:-0.069174 -0.003094 0.0424 2.4e-05 9e-06 -0.129382
socket_4:0.014937 -0.015063 0.037388 1.5708 0.687122 1.61831
socket_5:0.076961 0.012096 0.037472 -1.5708 -1.34135 2.0676
socket_6:-0.030017 0.039341 0.037388 -1.5708 0.098201 -2.59224
socket_7:0.000727 0.055787 0.0424 4.2e-05 -5e-06 0.447297
socket_8:0.055526 0.045726 0.037394 1.57101 0.687268 0.508217
ground_plane:0 0 0 0 0 0
depth_sensor:0 0 0.8 -3e-06 1.57079 1.57079
table:-0.4 0.4 -0.35 0 0 0
smalltable:0 0.3 -0.35 0 0 0
fixer_ar07:-0.5 0 0 0 0 0
ar6aixs:-0.5 -0 0 -0 0 0
box:0 0 0 0 0 0
result_visualize_socket:-0.069649 -0.00289 0.042436 -0.000777 -0.005097 -2.13964

[1]
@Object_Recognized:socket
@Closest_Object:socket_2
@Error Euler (degree):0.243567 -0.321738 20.9974
@Error Quaternion Axis:0.014274 -0.013023 0.999813
@Error Quaternion Angle (degree):21.0017
@Error Translation:-0 -7.7e-05 7e-05
@Error Translation Length:0.000104311
@Estimate_result:
0.954275 0.298856 -0.00676355 0.0708522 
-0.298877 0.954289 -0.00229887 -0.0564788 
0.00576727 0.00421524 0.999975 0.0424706 
0 0 0 1 
@Sensor_Pose(not sensor model):
0 0 0.8 4e-06 -0 -1e-06
@Object_Pose:
socket_0:-0.071041 -0.051864 0.037444 1.57079 1.30844 2.34598
socket_1:0.035599 -0.054662 0.038776 -1.76565 0.537202 -0.003475
socket_2:0.0709 -0.056419 0.0424 2.1e-05 -0.000155 -0.669994
socket_4:0.014937 -0.015063 0.037388 1.5708 0.687122 1.61831
socket_5:0.076961 0.012096 0.037472 -1.5708 -1.34135 2.0676
socket_6:-0.030017 0.039341 0.037388 -1.5708 0.098201 -2.59224
socket_7:0.000727 0.055787 0.0424 4.2e-05 -5e-06 0.447297
socket_8:0.055526 0.045726 0.037394 1.57101 0.687268 0.508217
ground_plane:0 0 0 0 0 0
depth_sensor:0 0 0.8 -3e-06 1.57079 1.57079
table:-0.4 0.4 -0.35 0 0 0
smalltable:0 0.3 -0.35 0 0 0
fixer_ar07:-0.5 0 0 0 0 0
ar6aixs:-0.5 -0 0 -0 -0 2e-06
box:0 0 0 0 0 0
result_visualize_socket:0.070852 -0.056479 0.042471 0.004215 -0.005767 -0.303521

[2]
@Object_Recognized:socket
@Closest_Object:socket_1
@Error Euler (degree):4.83392 -8.88012 31.7612
@Error Quaternion Axis:0.212854 -0.217295 0.952615
@Error Quaternion Angle (degree):33.6469
@Error Translation:-0.000875 -0.001591 -0.000314
@Error Translation Length:0.00184206
@Estimate_result:
0.445508 -0.890568 -0.0917199 0.0356773 
0.0492019 -0.0779386 0.995744 -0.0546622 
-0.893926 -0.448124 0.00909587 0.0406165 
0 0 0 1 
@Sensor_Pose(not sensor model):
0 0 0.8 4e-06 -0 -1e-06
@Object_Pose:
socket_0:-0.071041 -0.051864 0.037444 1.57079 1.30844 2.34598
socket_1:0.035599 -0.054662 0.038776 -1.76565 0.537202 -0.003475
socket_4:0.014937 -0.015063 0.037388 1.5708 0.687122 1.61831
socket_5:0.076961 0.012096 0.037472 -1.5708 -1.34135 2.0676
socket_6:-0.030017 0.039341 0.037388 -1.5708 0.098201 -2.59224
socket_7:0.000727 0.055787 0.0424 4.2e-05 -5e-06 0.447297
socket_8:0.055526 0.045726 0.037394 1.57101 0.687268 0.508217
ground_plane:0 0 0 0 0 0
depth_sensor:0 0 0.8 -3e-06 1.57079 1.57079
table:-0.4 0.4 -0.35 0 0 0
smalltable:0 0.3 -0.35 0 0 0
fixer_ar07:-0.5 0 0 0 0 0
ar6aixs:-0.5 -0 0 -0 0 1e-06
box:0 0 0 0 0 0
result_visualize_socket:0.035677 -0.054662 0.040616 -1.5505 1.10603 0.109995

[3]
@Object_Recognized:socket
@Closest_Object:socket_5
@Error Euler (degree):1.84411 -4.23698 149.945
@Error Quaternion Axis:0.04127 0.006157 0.999129
@Error Quaternion Angle (degree):150.038
@Error Translation:0.000838 6.1e-05 -0.000161
@Error Translation Length:0.000856006
@Estimate_result:
-0.203195 0.427892 -0.880693 0.076983 
0.219777 -0.856575 -0.466882 0.0123931 
-0.954154 -0.288424 0.0800108 0.0382747 
0 0 0 1 
@Sensor_Pose(not sensor model):
0 0 0.8 4e-06 -0 -1e-06
@Object_Pose:
socket_0:-0.071041 -0.051864 0.037444 1.57079 1.30844 2.34598
socket_4:0.014937 -0.015063 0.037388 1.5708 0.687122 1.61831
socket_5:0.076961 0.012096 0.037472 -1.5708 -1.34135 2.0676
socket_6:-0.030017 0.039341 0.037388 -1.5708 0.098201 -2.59224
socket_7:0.000727 0.055787 0.0424 4.2e-05 -5e-06 0.447297
socket_8:0.055526 0.045726 0.037394 1.57101 0.687268 0.508217
ground_plane:0 0 0 0 0 0
depth_sensor:0 0 0.8 -3e-06 1.57079 1.57079
table:-0.4 0.4 -0.35 0 0 0
smalltable:0 0.3 -0.35 0 0 0
fixer_ar07:-0.5 0 0 0 0 0
ar6aixs:-0.5 -0 0 -0 0 1e-06
box:0 0 0 0 0 0
result_visualize_socket:0.076983 0.012393 0.038275 -1.30019 1.26682 2.31701

[4]
@Object_Recognized:socket
@Closest_Object:socket_4
@Error Euler (degree):1.77583 -4.14796 -72.5749
@Error Quaternion Axis:-0.015084 -0.064726 -0.997789
@Error Quaternion Angle (degree):72.6315
@Error Translation:-0.000547 0.000618 0.000555
@Error Translation Length:0.000994549
@Estimate_result:
0.0899497 -0.0131951 0.995859 0.0154924 
-0.368867 0.928362 0.0456182 -0.0150677 
-0.92512 -0.371443 0.0786387 0.0382127 
0 0 0 1 
@Sensor_Pose(not sensor model):
0 0 0.8 4e-06 -0 -1e-06
@Object_Pose:
socket_0:-0.071041 -0.051864 0.037444 1.57079 1.30844 2.34598
socket_4:0.014937 -0.015063 0.037388 1.5708 0.687122 1.61831
socket_6:-0.030017 0.039341 0.037388 -1.5708 0.098201 -2.59224
socket_7:0.000727 0.055787 0.0424 4.2e-05 -5e-06 0.447297
socket_8:0.055526 0.045726 0.037394 1.57101 0.687268 0.508217
ground_plane:0 0 0 0 0 0
depth_sensor:0 0 0.8 -3e-06 1.57079 1.57079
table:-0.4 0.4 -0.35 0 0 0
smalltable:0 0.3 -0.35 0 0 0
fixer_ar07:-0.5 0 0 0 0 0
ar6aixs:-0.5 -0 0 -0 0 1e-06
box:0 0 0 0 0 0
result_visualize_socket:0.076983 0.012393 0.038275 -1.30019 1.26682 2.31701

