[0]
@Object_Recognized:socket
@Closest_Object:socket_6
@Error Euler (degree):0.287004 -0.280221 67.5641
@Error Quaternion Axis:0.006189 -0.001151 0.99998
@Error Quaternion Angle (degree):67.5658
@Error Translation:0.000181 0.000508 0.000299
@Error Translation Length:0.000616534
@Estimate_result:
-0.826335 -0.563136 0.00688067 -0.0447185 
0.563157 -0.82635 0.00142394 0.0456735 
0.00488413 0.00505144 0.999975 0.0426898 
0 0 0 1 
@Sensor_Pose(not sensor model):
0 0 0.8 4e-06 -0 -1e-06
@Object_Pose:
socket_0:-0.071218 -0.046504 0.0424 3.14155 2.2e-05 -0.640111
socket_1:-0.000235 -0.057828 0.042401 4.1e-05 3.3e-05 -0.772706
socket_2:0.082455 -0.022744 0.037412 -1.57075 0.307002 0.210228
socket_3:-0.074516 0.012994 0.0424 1.1e-05 -3e-06 -0.459563
socket_4:0.015958 -0.009954 0.037474 1.57095 1.16955 1.45909
socket_5:0.071547 0.024104 0.037462 1.57079 -0.750664 0.84346
socket_6:-0.044258 0.045393 0.042391 1e-05 4.2e-05 1.36417
socket_7:0.002419 0.028585 0.046417 1.03316 -0.142264 0.737419
socket_8:0.020395 0.062532 0.042404 3.14154 -0.00029 3.08743
ground_plane:0 0 0 0 0 0
depth_sensor:0 0 0.8 -3e-06 1.57079 1.57079
box:0 0 0 0 0 0
result_visualize_socket:-0.044719 0.045673 0.04269 0.005052 -0.004884 2.54338

[1]
@Object_Recognized:socket
@Closest_Object:socket_6
@Error Euler (degree):0.012242 -0.212383 82.7112
@Error Quaternion Axis:0.001975 -0.001999 0.999996
@Error Quaternion Angle (degree):82.7114
@Error Translation:-0.000547 0.000321 7.2e-05
@Error Translation Length:0.000638823
@Estimate_result:
-0.124259 -0.992251 0.000671514 -0.0838207 
0.992243 -0.124261 -0.00365802 0.06272 
0.00371302 0.000212894 0.999994 0.0424723 
0 0 0 1 
@Sensor_Pose(not sensor model):
0 0 0.8 4e-06 -0 -1e-06
@Object_Pose:
socket_0:-0.076716 -0.046052 0.037461 -1.57068 0.537366 -0.999094
socket_1:-0.033849 -0.038544 0.037402 1.57079 -0.885964 -2.53531
socket_2:0.077291 -0.045989 0.037473 -1.5708 -0.227203 -0.898112
socket_3:-0.048611 0.024968 0.037456 -1.5708 0.142604 -1.50474
socket_4:0.00296 -0.007005 0.042398 -0.000114 -0.000101 -2.82889
socket_5:0.052042 -0.013403 0.037398 1.57079 0.883539 0.784898
socket_6:-0.083211 0.062545 0.0424 6e-06 -2e-06 0.251795
socket_7:-0.016645 0.062542 0.037458 -1.57078 1.51896 -1.57078
socket_8:0.060891 0.037548 0.037398 1.5708 -0.09819 -2.16597
ground_plane:0 0 0 0 0 0
depth_sensor:0 0 0.8 -3e-06 1.57079 1.57079
box:0 0 0 0 0 0
result_visualize_socket:-0.083821 0.06272 0.042472 0.000212 -0.003714 1.69538

[2]
@Object_Recognized:socket
@Closest_Object:socket_1
@Error Euler (degree):1.95006 -3.85857 -156.069
@Error Quaternion Axis:0.03006 0.024143 0.999256
@Error Quaternion Angle (degree):203.98
@Error Translation:0.000441 0.000638 -0.000143
@Error Translation Length:0.000788546
@Estimate_result:
0.178101 -0.812007 -0.555811 -0.0335904 
0.205384 -0.521725 0.828022 -0.0385387 
-0.962339 -0.261626 0.0738537 0.0381466 
0 0 0 1 
@Sensor_Pose(not sensor model):
0 0 0.8 4e-06 -0 -1e-06
@Object_Pose:
socket_0:-0.076716 -0.046052 0.037461 -1.57068 0.537366 -0.999094
socket_1:-0.033849 -0.038544 0.037402 1.57079 -0.885964 -2.53531
socket_2:0.077291 -0.045989 0.037473 -1.5708 -0.227203 -0.898112
socket_3:-0.048611 0.024968 0.037456 -1.5708 0.142604 -1.50474
socket_4:0.00296 -0.007005 0.042398 -0.000114 -0.000101 -2.82889
socket_5:0.052042 -0.013403 0.037398 1.57079 0.883539 0.784898
socket_7:-0.016645 0.062542 0.037458 -1.57078 1.51896 -1.57078
socket_8:0.060891 0.037548 0.037398 1.5708 -0.09819 -2.16597
ground_plane:0 0 0 0 0 0
depth_sensor:0 0 0.8 -3e-06 1.57079 1.57079
box:0 0 0 0 0 0
result_visualize_socket:-0.03359 -0.038539 0.038147 -1.29567 1.29548 0.856425

[3]
@Object_Recognized:socket
@Closest_Object:socket_2
@Error Euler (degree):2.50367 -3.53278 74.6661
@Error Quaternion Axis:0.059322 -0.018529 0.998067
@Error Quaternion Angle (degree):74.8502
@Error Translation:0.000194 -0.000818 2e-05
@Error Translation Length:0.000841168
@Estimate_result:
0.343527 -0.51452 0.785659 0.0773102 
-0.33233 0.715843 0.614108 -0.0459801 
-0.878377 -0.47206 0.0749208 0.0383143 
0 0 0 1 
@Sensor_Pose(not sensor model):
0 0 0.8 4e-06 -0 -1e-06
@Object_Pose:
socket_0:-0.076716 -0.046052 0.037461 -1.57068 0.537366 -0.999094
socket_2:0.077291 -0.045989 0.037473 -1.5708 -0.227203 -0.898112
socket_3:-0.048611 0.024968 0.037456 -1.5708 0.142604 -1.50474
socket_4:0.00296 -0.007005 0.042398 -0.000114 -0.000101 -2.82889
socket_5:0.052042 -0.013403 0.037398 1.57079 0.883539 0.784898
socket_7:-0.016645 0.062542 0.037458 -1.57078 1.51896 -1.57078
socket_8:0.060891 0.037548 0.037398 1.5708 -0.09819 -2.16597
ground_plane:0 0 0 0 0 0
depth_sensor:0 0 0.8 -3e-06 1.57079 1.57079
box:0 0 0 0 0 0
result_visualize_socket:0.07731 -0.04598 0.038314 -1.4134 1.07246 -0.768832

[4]
@Object_Recognized:socket
@Closest_Object:socket_7
@Error Euler (degree):1.11595 -3.93802 -11.6871
@Error Quaternion Axis:0.057516 -0.327104 -0.943236
@Error Quaternion Angle (degree):12.3447
@Error Translation:-0.000756 -7.4e-05 0.000521
@Error Translation Length:0.000921121
@Estimate_result:
0.068678 0.0194297 0.997449 -0.0161239 
-0.252435 0.967613 -0.00146748 0.0625066 
-0.965173 -0.25169 0.0713585 0.0382168 
0 0 0 1 
@Sensor_Pose(not sensor model):
0 0 0.8 4e-06 -0 -1e-06
@Object_Pose:
socket_0:-0.076716 -0.046052 0.037461 -1.57068 0.537366 -0.999094
socket_3:-0.048611 0.024968 0.037456 -1.5708 0.142604 -1.50474
socket_4:0.00296 -0.007005 0.042398 -0.000114 -0.000101 -2.82889
socket_5:0.052042 -0.013403 0.037398 1.57079 0.883539 0.784898
socket_7:-0.016645 0.062542 0.037458 -1.57078 1.51896 -1.57078
socket_8:0.060891 0.037548 0.037398 1.5708 -0.09819 -2.16597
ground_plane:0 0 0 0 0 0
depth_sensor:0 0 0.8 -3e-06 1.57079 1.57079
box:0 0 0 0 0 0
result_visualize_socket:-0.016124 0.062507 0.038217 -1.29453 1.30611 -1.30516

[5]
@Object_Recognized:socket
@Closest_Object:socket_3
@Error Euler (degree):0.637388 1.89364 -73.193
@Error Quaternion Axis:0.024004 0.016684 -0.999573
@Error Quaternion Angle (degree):73.227
@Error Translation:-0 -0.000498 0.00047
@Error Translation Length:0.00068475
@Estimate_result:
-0.00511499 0.0709341 0.997468 -0.0481377 
-0.423294 -0.903861 0.0621067 0.0249287 
0.905978 -0.421904 0.0346493 0.0379498 
0 0 0 1 
@Sensor_Pose(not sensor model):
0 0 0.8 4e-06 -0 -1e-06
@Object_Pose:
socket_0:-0.076716 -0.046052 0.037461 -1.57068 0.537366 -0.999094
socket_3:-0.048611 0.024968 0.037456 -1.5708 0.142604 -1.50474
socket_4:0.00296 -0.007005 0.042398 -0.000114 -0.000101 -2.82889
socket_5:0.052042 -0.013403 0.037398 1.57079 0.883539 0.784898
socket_8:0.060891 0.037548 0.037398 1.5708 -0.09819 -2.16597
ground_plane:0 0 0 0 0 0
depth_sensor:0 0 0.8 -3e-06 1.57079 1.57079
box:0 0 0 0 0 0
result_visualize_socket:-0.048138 0.024929 0.03795 -1.48886 -1.13369 -1.58288

[6]
@Object_Recognized:socket
@Closest_Object:socket_8
@Error Euler (degree):0.966086 -4.07464 -119.37
@Error Quaternion Axis:-0.030621 -0.029209 -0.999104
@Error Quaternion Angle (degree):119.381
@Error Translation:0.000198 0.00075 0.000128
@Error Translation Length:0.000785923
@Estimate_result:
0.166342 -0.52732 -0.833225 0.060715 
0.372415 -0.748819 0.54825 0.0375178 
-0.913038 -0.401502 0.0718216 0.038163 
0 0 0 1 
@Sensor_Pose(not sensor model):
0 0 0.8 4e-06 -0 -1e-06
@Object_Pose:
socket_0:-0.076716 -0.046052 0.037461 -1.57068 0.537366 -0.999094
socket_4:0.00296 -0.007005 0.042398 -0.000114 -0.000101 -2.82889
socket_5:0.052042 -0.013403 0.037398 1.57079 0.883539 0.784898
socket_8:0.060891 0.037548 0.037398 1.5708 -0.09819 -2.16597
ground_plane:0 0 0 0 0 0
depth_sensor:0 0 0.8 -3e-06 1.57079 1.57079
box:0 0 0 0 0 0
result_visualize_socket:0.060715 0.037518 0.038163 -1.39379 1.15067 1.15072

[7]
@Object_Recognized:socket
@Closest_Object:socket_5
@Error Euler (degree):3.50475 -3.45072 -64.4471
@Error Quaternion Axis:0.018384 -0.078245 -0.996765
@Error Quaternion Angle (degree):64.509
@Error Translation:-0.00075 0.00042 3.1e-05
@Error Translation Length:0.000860227
@Estimate_result:
-0.256685 0.68384 0.68299 0.0519576 
-0.341513 0.596905 -0.725998 -0.0135317 
-0.904147 -0.419603 0.0803232 0.0382438 
0 0 0 1 
@Sensor_Pose(not sensor model):
0 0 0.8 4e-06 -0 -1e-06
@Object_Pose:
socket_0:-0.076716 -0.046052 0.037461 -1.57068 0.537366 -0.999094
socket_4:0.00296 -0.007005 0.042398 -0.000114 -0.000101 -2.82889
socket_5:0.052042 -0.013403 0.037398 1.57079 0.883539 0.784898
ground_plane:0 0 0 0 0 0
depth_sensor:0 0 0.8 -3e-06 1.57079 1.57079
box:0 0 0 0 0 0
result_visualize_socket:0.051958 -0.013532 0.038244 -1.38166 1.12938 -2.21533

[8]
@Object_Recognized:socket
@Closest_Object:socket_0
@Error Euler (degree):0.369879 -0.444135 17.488
@Error Quaternion Axis:0.024846 -0.021957 0.99945
@Error Quaternion Angle (degree):17.4988
@Error Translation:-0.000171 -0.000175 0.000177
@Error Translation Length:0.000302116
@Estimate_result:
0.366635 -0.398317 0.840787 -0.0765984 
-0.55547 0.631252 0.541271 -0.0459082 
-0.746346 -0.665481 0.010186 0.0376987 
0 0 0 1 
@Sensor_Pose(not sensor model):
0 0 0.8 4e-06 -0 -1e-06
@Object_Pose:
socket_0:-0.076716 -0.046052 0.037461 -1.57068 0.537366 -0.999094
socket_4:0.00296 -0.007005 0.042398 -0.000114 -0.000101 -2.82889
ground_plane:0 0 0 0 0 0
depth_sensor:0 0 0.8 -3e-06 1.57079 1.57079
box:0 0 0 0 0 0
result_visualize_socket:-0.076598 -0.045908 0.037699 -1.55549 0.842555 -0.987393

