[0]
@Object_Recognized:alloy_rod_0_03m
@Closest_Object:alloy_rod_0_03m_8
@Error Euler (degree):-0.270785 46.1921 -1.68622
@Error Quaternion Axis:0.009169 0.999442 -0.032124
@Error Quaternion Angle (degree):46.2179
@Error Translation:-0.00768 0.000422 0.015639
@Error Translation Length:0.0174283
@Estimate_result:
-0.0743599 -0.0866856 0.993457 0.0302569 
-0.118937 0.989875 0.0774706 -0.00717298 
-0.990114 -0.112398 -0.0839174 0.0788918 
0 0 0 1 
@Sensor_Pose(not sensor model):
0 0 0.8 4e-06 -0 -1e-06
@Object_Pose:
alloy_rod_0_03m_0:-0.110488 -0.069271 0.029467 -0.000129 0.523545 -0.030645
alloy_rod_0_03m_1:-0.00104 -0.075118 0.013819 -2.8e-05 -0.724477 0.048407
alloy_rod_0_03m_2:0.069881 -0.07396 0.041699 1e-05 1.10856 -4.4e-05
alloy_rod_0_03m_3:-0.073396 0.002308 0.030181 2.52229 -0.876338 0.242044
alloy_rod_0_03m_4:-0.018824 -0.021151 0.019998 1.57066 -0.000246 -1.42817
alloy_rod_0_03m_5:0.0761 -9.5e-05 0.048768 3.14159 -0.075938 3.14045
alloy_rod_0_03m_6:-0.102064 0.215195 0.035519 3.14159 0.534665 -0.046802
alloy_rod_0_03m_7:0.019762 -0.036911 0.049508 -0.002414 1.53988 0.20471
alloy_rod_0_03m_8:0.023794 -0.009727 0.062909 -0.137382 0.845905 -0.000982
ground_plane:0 0 0 0 0 0
depth_sensor:0 0 0.8 -3e-06 1.57079 1.57079
box:0 0 0 0 0 0
result_visualize_alloy_rod_0_03m:0.030257 -0.007173 0.078892 -2.21212 1.43006 -2.12954

[1]
@Object_Recognized:alloy_rod_0_03m
@Closest_Object:alloy_rod_0_03m_4
@Error Euler (degree):1.0453 -42.7725 -1.38513
@Error Quaternion Axis:0.011199 -0.999701 -0.021733
@Error Quaternion Angle (degree):42.7934
@Error Translation:0.013812 0.001616 -0.00715
@Error Translation Length:0.0156367
@Estimate_result:
0.903417 -0.121697 0.411129 -0.0373744 
0.310111 -0.476704 -0.822547 -0.0212657 
0.296089 0.8706 -0.392923 0.0299706 
0 0 0 1 
@Sensor_Pose(not sensor model):
0 0 0.8 4e-06 -0 -1e-06
@Object_Pose:
alloy_rod_0_03m_0:-0.073262 -0.079382 0.087569 -1.80614 -0.59987 1.7466
alloy_rod_0_03m_1:-0.000264 -0.071577 0.034572 -7.2e-05 0.765409 0.040362
alloy_rod_0_03m_2:0.05326 -0.069011 0.09484 -2.29819 -0.227117 2.5306
alloy_rod_0_03m_3:-0.072842 -4.6e-05 0.054896 3.14155 1.13569 -3.13971
alloy_rod_0_03m_4:-0.035898 -0.034128 0.021201 1.65794 -0.51717 1.11542
alloy_rod_0_03m_5:0.06615 4e-06 0.032717 -0 0.67925 -0.01615
alloy_rod_0_03m_6:-0.004273 0.049437 0.024422 0.363567 0.26163 -2.70675
alloy_rod_0_03m_7:-0.001808 0.215774 0.00497 -0 0.293068 3.05152
alloy_rod_0_03m_8:0.095323 0.215341 0.001115 1.3e-05 0.074812 -3.10206
ground_plane:0 0 0 0 0 0
depth_sensor:0 0 0.8 -3e-06 1.57079 1.57079
box:0 0 0 0 0 0
result_visualize_alloy_rod_0_03m:-0.037374 -0.021266 0.029971 1.99475 -0.300595 0.330662

[2]
@Object_Recognized:alloy_rod_0_03m
@Closest_Object:alloy_rod_0_03m_4
@Error Euler (degree):-7.36631 -46.439 142.268
@Error Quaternion Axis:0.372887 -0.193281 0.907523
@Error Quaternion Angle (degree):142.612
@Error Translation:-0.010147 0.022557 -0.014758
@Error Translation Length:0.0288023
@Estimate_result:
0.541904 0.232763 -0.807565 0.0601328 
0.176062 -0.971003 -0.161726 0.00724438 
-0.821792 -0.0545419 -0.567171 0.0588742 
0 0 0 1 
@Sensor_Pose(not sensor model):
0 0 0.8 4e-06 -0 -1e-06
@Object_Pose:
alloy_rod_0_03m_0:-0.074316 -0.073872 0.01699 -5.1e-05 -0.22442 -0.068384
alloy_rod_0_03m_1:-0.012888 -0.015356 0.0162 0.000143 -1.27157 0.04329
alloy_rod_0_03m_2:0.076657 -0.067976 0.013907 0 -0.891841 0.237521
alloy_rod_0_03m_3:-0.042728 0.064173 0.1 -1.57079 -2.8e-05 3.00058
alloy_rod_0_03m_4:0.037667 -0.005895 0.046537 3.14153 -0.208647 2.62234
alloy_rod_0_03m_5:0.073416 -0.00504 0.021121 1e-06 0.074785 -0.006321
alloy_rod_0_03m_6:-0.03119 0.210905 0.036154 -3.14157 0.822851 -0.199543
alloy_rod_0_03m_7:-0.008243 0.206962 0.034402 -3.14159 0.374047 -0.199569
alloy_rod_0_03m_8:0.067678 0.218519 0.03292 -3.14159 0.224446 0.073696
ground_plane:0 0 0 0 0 0
depth_sensor:0 0 0.8 -3e-06 1.57079 1.57079
box:0 0 0 0 0 0
result_visualize_alloy_rod_0_03m:0.060133 0.007244 0.058874 -3.04572 0.964549 0.314138

[3]
@Object_Recognized:alloy_rod_0_03m
@Closest_Object:alloy_rod_0_03m_8
@Error Euler (degree):-172.221 88.175 -172.158
@Error Quaternion Axis:-0.002672 0.999995 -0.00159
@Error Quaternion Angle (degree):91.8086
@Error Translation:0.000568 1.6e-05 0.030448
@Error Translation Length:0.0304535
@Estimate_result:
0.293213 -0.168244 -0.941127 0.0998803 
0.565668 0.824127 0.028909 -0.023439 
0.770744 -0.540842 0.336815 0.0595029 
0 0 0 1 
@Sensor_Pose(not sensor model):
0 0 0.8 4e-06 -0 -1e-06
@Object_Pose:
alloy_rod_0_03m_0:-0.070093 -0.219783 -0.001122 1e-05 -0.074851 0.001182
alloy_rod_0_03m_1:-0.008043 -0.070534 0.035958 -3.14159 -0.740199 3.10144
alloy_rod_0_03m_2:0.062346 -0.078526 0.016504 -0 -1.2987 -0.32555
alloy_rod_0_03m_3:-0.072653 -0.00401 0.021115 -5.4e-05 0.074751 -0.03236
alloy_rod_0_03m_4:0.001476 -0.001059 0.016996 -0 -0.224424 0.025029
alloy_rod_0_03m_5:0.037949 -0.012053 0.038392 2.62845 -0.465464 -1.05425
alloy_rod_0_03m_6:-0.065378 -0.000416 0.037345 3.14156 -0.672203 3.13615
alloy_rod_0_03m_7:0.025335 0.215341 0.001116 6.5e-05 0.074804 -3.10208
alloy_rod_0_03m_8:0.108419 -0.006107 0.083042 -2.53192 -0.318306 3.13097
ground_plane:0 0 0 0 0 0
depth_sensor:0 0 0.8 -3e-06 1.57079 1.57079
box:0 0 0 0 0 0
result_visualize_alloy_rod_0_03m:0.09988 -0.023439 0.059503 -1.01381 -0.880008 1.09258

[4]
@Object_Recognized:alloy_rod_0_03m
@Closest_Object:alloy_rod_0_03m_5
@Error Euler (degree):-160.506 -73.4337 -59.5168
@Error Quaternion Axis:0.747572 -0.309008 0.58792
@Error Quaternion Angle (degree):159.884
@Error Translation:-0.007046 0.007693 -0.014349
@Error Translation Length:0.017741
@Estimate_result:
0.905934 -0.394612 0.15351 0.0252876 
-0.228842 -0.761348 -0.606613 0.00337301 
0.356251 0.514422 -0.780035 0.0393263 
0 0 0 1 
@Sensor_Pose(not sensor model):
0 0 0.8 4e-06 -0 -1e-06
@Object_Pose:
alloy_rod_0_03m_0:-0.07115 -0.070263 0.025229 -3.14158 -1.26236 -3.14154
alloy_rod_0_03m_1:-0.020116 -0.077655 0.054338 2.66611 1.01801 -2.86696
alloy_rod_0_03m_2:0.013457 -0.059991 0.09197 -2.39916 0.712877 -3.06584
alloy_rod_0_03m_3:-0.072435 6.6e-05 0.023761 -0.000257 0.227885 -0.018371
alloy_rod_0_03m_4:0.020182 -0.049648 0.022235 -3.14159 -1.42912 -2.95601
alloy_rod_0_03m_5:0.041376 -0.004021 0.040439 0 1.04468 0.01867
alloy_rod_0_03m_6:-0.29772 0.410571 -0.004885 0 -1.14396 2.63676
alloy_rod_0_03m_7:-0.010955 0.214221 0.034973 3.14157 1.12203 -0.046919
alloy_rod_0_03m_8:0.083858 0.217129 0.01733 3.14158 -0.673149 -0.151123
ground_plane:0 0 0 0 0 0
depth_sensor:0 0 0.8 -3e-06 1.57079 1.57079
box:0 0 0 0 0 0
result_visualize_alloy_rod_0_03m:0.025288 0.003373 0.039326 2.55858 -0.364253 -0.247428

[5]
@Object_Recognized:alloy_rod_0_03m
@Closest_Object:alloy_rod_0_03m_4
@Error Euler (degree):70.8305 52.1819 46.844
@Error Quaternion Axis:0.528116 0.844394 0.089959
@Error Quaternion Angle (degree):78.7656
@Error Translation:-0.041986 -0.003754 0.014216
@Error Translation Length:0.0444858
@Estimate_result:
-0.881507 0.422148 -0.211509 0.0270091 
0.471202 0.757824 -0.4513 -0.00478214 
-0.0302287 -0.497488 -0.866944 0.0865146 
0 0 0 1 
@Sensor_Pose(not sensor model):
0 0 0.8 4e-06 -0 -1e-06
@Object_Pose:
alloy_rod_0_03m_0:-0.073007 -0.076833 0.014506 -2e-05 -1.04811 -0.341743
alloy_rod_0_03m_1:0.007711 -0.070716 0.04922 0 1.52037 -0.133482
alloy_rod_0_03m_2:0.075384 -0.073823 0.045841 2.95681 -0.219457 3.14071
alloy_rod_0_03m_3:-0.035526 0.085267 0.033416 2.66698 -0.762022 -0.768035
alloy_rod_0_03m_4:-0.004076 -0.000189 0.055025 3.14159 1.11654 3.11466
alloy_rod_0_03m_5:0.070622 0.059281 0.05288 -3.14159 0.220483 0.102164
alloy_rod_0_03m_6:-0.089882 0.012395 0.014116 0.449041 -0.727078 2.83163
alloy_rod_0_03m_7:0.052143 0.063684 0.051126 2.36906 0.769914 -1.10338
alloy_rod_0_03m_8:0.071892 0.215324 0.034402 -3.14159 0.374046 -0.112033
ground_plane:0 0 0 0 0 0
depth_sensor:0 0 0.8 -3e-06 1.57079 1.57079
box:0 0 0 0 0 0
result_visualize_alloy_rod_0_03m:0.027009 -0.004782 0.086515 -2.62063 0.030233 2.6507

[6]
@Object_Recognized:alloy_rod_0_03m
@Closest_Object:alloy_rod_0_03m_8
@Error Euler (degree):173.03 -43.4208 -174.837
@Error Quaternion Axis:-0.020793 0.998865 0.042854
@Error Quaternion Angle (degree):223.604
@Error Translation:0.017122 -0.009493 -0.017917
@Error Translation Length:0.0265386
@Estimate_result:
0.161509 0.0524697 -0.985475 0.0455821 
0.0626023 -0.997119 -0.0428298 0.0771381 
-0.984884 -0.0547754 -0.164328 0.0552434 
0 0 0 1 
@Sensor_Pose(not sensor model):
0 0 0.8 4e-06 -0 -1e-06
@Object_Pose:
alloy_rod_0_03m_0:-0.080613 -0.069117 0.016193 0.000154 -1.27159 -0.214244
alloy_rod_0_03m_1:-0.051586 -0.070005 0.049955 0.72833 1.57076 0.721896
alloy_rod_0_03m_2:0.023308 -0.253513 0.007951 -3.14156 -1.12194 2.98987
alloy_rod_0_03m_3:-0.071166 0.024787 0.019783 1.55423 -0.063977 1.28533
alloy_rod_0_03m_4:0.001819 -0.001898 0.014462 8.2e-05 -0.523623 0.053395
alloy_rod_0_03m_5:0.0584 -0.00062 0.037328 3.14152 -0.673219 -3.08913
alloy_rod_0_03m_6:-0.068529 0.125336 -0.005538 -1.3e-05 -0.523641 0.009948
alloy_rod_0_03m_7:-0.003459 0.215923 0.009467 -0 0.523554 3.05153
alloy_rod_0_03m_8:0.05058 0.067558 0.031004 3.14151 -0.972403 -0.016826
ground_plane:0 0 0 0 0 0
depth_sensor:0 0 0.8 -3e-06 1.57079 1.57079
box:0 0 0 0 0 0
result_visualize_alloy_rod_0_03m:0.045582 0.077138 0.055243 -2.81985 1.3967 0.369778

