[0]
@Object_Recognized:socket
@Closest_Object:socket_2
@Error Euler (degree):-0.132016 0.101443 27.2348
@Error Quaternion Axis:-0.005641 0.002502 0.999981
@Error Quaternion Angle (degree):27.2353
@Error Translation:7.3e-05 -0.000142 0.000279
@Error Translation Length:0.000321277
@Estimate_result:
0.994717 0.0731946 0.071979 0.045397 
-0.0909384 0.302954 0.948657 -0.0283409 
0.0476303 -0.95019 0.308009 0.0437713 
0 0 0 1 
@Sensor_Pose(not sensor model):
0 0 0.8 4e-06 -0 -1e-06
@Object_Pose:
socket_0:-0.072429 -0.051569 0.0424 4.4e-05 -5e-06 -2.86479
socket_1:-0.000571 -0.031547 0.037433 -1.57072 1.30569 -0.896363
socket_2:0.045389 -0.028557 0.043533 -1.21011 -0.497642 -0.251892
socket_3:-0.032081 0.004175 0.037397 -1.5708 -0.687228 1.29082
socket_4:0.018604 0.013554 0.037432 -1.5708 0.075483 -1.79895
socket_5:0.077196 3.5e-05 0.039428 2.89719 -1.25456 3.05631
socket_6:-0.083872 0.012544 0.037463 -1.5708 1.22379 2.94276
socket_7:0.016057 0.060786 0.037397 1.57119 1.47261 1.72592
socket_8:0.056743 0.041487 0.042399 -3.14146 -1.3e-05 -2.1248
ground_plane:0 0 0 0 0 0
depth_sensor:0 0 0.8 -3e-06 1.57079 1.57079
table:-0.4 0.4 -0.35 0 0 0
smalltable:0 0.3 -0.35 0 0 0
fixer_ar07:-0.5 0 0 0 0 0
ar6aixs:-0.5 -0 0 -0 0 0
box:0 0 0 0 0 0
result_visualize_socket:0.045397 -0.028341 0.043771 -1.25733 -0.047648 -0.091168

[1]
@Object_Recognized:socket
@Closest_Object:socket_5
@Error Euler (degree):-0.276797 0.257126 -60.6948
@Error Quaternion Axis:-0.001882 0.006248 -0.999979
@Error Quaternion Angle (degree):60.6952
@Error Translation:0.000248 -4e-06 -0.000262
@Error Translation Length:0.000360874
@Estimate_result:
-0.419516 -0.113244 -0.900657 0.0773529 
-0.814413 0.485171 0.318342 -4.55393e-05 
0.400922 0.867056 -0.295764 0.039743 
0 0 0 1 
@Sensor_Pose(not sensor model):
0 0 0.8 4e-06 -0 -1e-06
@Object_Pose:
socket_0:-0.072429 -0.051569 0.0424 4.4e-05 -5e-06 -2.86479
socket_1:-0.000571 -0.031547 0.037433 -1.57072 1.30569 -0.896363
socket_3:-0.032081 0.004175 0.037397 -1.5708 -0.687228 1.29082
socket_4:0.018604 0.013554 0.037432 -1.5708 0.075483 -1.79895
socket_5:0.077196 3.5e-05 0.039428 2.89719 -1.25456 3.05631
socket_6:-0.083872 0.012544 0.037463 -1.5708 1.22379 2.94276
socket_7:0.016057 0.060786 0.037397 1.57119 1.47261 1.72592
socket_8:0.056743 0.041487 0.042399 -3.14146 -1.3e-05 -2.1248
ground_plane:0 0 0 0 0 0
depth_sensor:0 0 0.8 -3e-06 1.57079 1.57079
table:-0.4 0.4 -0.35 0 0 0
smalltable:0 0.3 -0.35 0 0 0
fixer_ar07:-0.5 0 0 0 0 0
ar6aixs:-0.5 -0 0 -0 0 0
box:0 0 0 0 0 0
result_visualize_socket:0.045397 -0.028341 0.043771 -1.25733 -0.047648 -0.091168

[2]
@Object_Recognized:socket
@Closest_Object:socket_4
@Error Euler (degree):0.807133 -4.10205 66.977
@Error Quaternion Axis:0.04634 -0.046966 0.997821
@Error Quaternion Angle (degree):67.121
@Error Translation:-0.000115 -0.000824 0.00019
@Error Translation Length:0.000853245
@Estimate_result:
-0.00264334 0.227978 0.973663 0.0188005 
-0.327654 0.91972 -0.216237 0.0135619 
-0.944794 -0.319596 0.0722667 0.0382621 
0 0 0 1 
@Sensor_Pose(not sensor model):
0 0 0.8 4e-06 -0 -1e-06
@Object_Pose:
socket_0:-0.072429 -0.051569 0.0424 4.4e-05 -5e-06 -2.86479
socket_1:-0.000571 -0.031547 0.037433 -1.57072 1.30569 -0.896363
socket_3:-0.032081 0.004175 0.037397 -1.5708 -0.687228 1.29082
socket_4:0.018604 0.013554 0.037432 -1.5708 0.075483 -1.79895
socket_6:-0.083872 0.012544 0.037463 -1.5708 1.22379 2.94276
socket_7:0.016057 0.060786 0.037397 1.57119 1.47261 1.72592
socket_8:0.056743 0.041487 0.042399 -3.14146 -1.3e-05 -2.1248
ground_plane:0 0 0 0 0 0
depth_sensor:0 0 0.8 -3e-06 1.57079 1.57079
table:-0.4 0.4 -0.35 0 0 0
smalltable:0 0.3 -0.35 0 0 0
fixer_ar07:-0.5 0 0 0 0 0
ar6aixs:-0.5 -0 0 -0 0 0
box:0 0 0 0 0 0
result_visualize_socket:0.0188 0.013562 0.038262 -1.34842 1.23697 -1.57886

[3]
@Object_Recognized:socket
@Closest_Object:socket_6
@Error Euler (degree):-1.03905 -4.75701 -2.97925
@Error Quaternion Axis:-0.202765 -0.825237 -0.527134
@Error Quaternion Angle (degree):5.73056
@Error Translation:-0.000836 5e-06 -0.000135
@Error Translation Length:0.000847074
@Estimate_result:
-0.395916 0.906141 -0.148853 -0.0835614 
-0.00482193 -0.164148 -0.986423 0.0126193 
-0.918274 -0.389824 0.0693583 0.038248 
0 0 0 1 
@Sensor_Pose(not sensor model):
0 0 0.8 4e-06 -0 -1e-06
@Object_Pose:
socket_0:-0.072429 -0.051569 0.0424 4.4e-05 -5e-06 -2.86479
socket_1:-0.000571 -0.031547 0.037433 -1.57072 1.30569 -0.896363
socket_3:-0.032081 0.004175 0.037397 -1.5708 -0.687228 1.29082
socket_6:-0.083872 0.012544 0.037463 -1.5708 1.22379 2.94276
socket_7:0.016057 0.060786 0.037397 1.57119 1.47261 1.72592
socket_8:0.056743 0.041487 0.042399 -3.14146 -1.3e-05 -2.1248
ground_plane:0 0 0 0 0 0
depth_sensor:0 0 0.8 -3e-06 1.57079 1.57079
table:-0.4 0.4 -0.35 0 0 0
smalltable:0 0.3 -0.35 0 0 0
fixer_ar07:-0.5 0 0 0 0 0
ar6aixs:-0.5 -0 0 -0 0 0
box:0 0 0 0 0 0
result_visualize_socket:-0.083561 0.012619 0.038248 -1.39472 1.1637 -3.12942

