[0]
@Object_Recognized:socket
@Closest_Object:socket_2
@Error Euler (degree):-0.029275 -0.445647 136.63
@Error Quaternion Axis:0.003787 -0.001802 0.999991
@Error Quaternion Angle (degree):136.63
@Error Translation:3.4e-05 -0.000263 0.000241
@Error Translation Length:0.000358471
@Estimate_result:
-0.957999 -0.286683 0.00719857 0.0877094 
0.286671 -0.958026 -0.00270476 -0.0433276 
0.00767178 -0.000527492 0.999971 0.0426389 
0 0 0 1 
@Sensor_Pose(not sensor model):
0 0 0.8 4e-06 -0 -1e-06
@Object_Pose:
socket_0:-0.067025 -0.033429 0.037397 -1.57064 -0.097833 -0.059917
socket_1:0.052776 -0.040327 0.042391 3.14159 5e-05 -2.4428
socket_2:0.087561 -0.043107 0.042398 -6.1e-05 -8.9e-05 0.466193
socket_3:-0.0869 0.012636 0.037421 1.57101 -0.705906 -0.058501
socket_4:0.029849 -0.002442 0.039677 3.0359 -1.24984 3.06444
socket_5:0.074439 0.001992 0.042399 -1.2e-05 0.000107 2.27436
socket_6:-0.062157 0.050699 0.046572 -0.650213 0.848532 -1.57586
socket_7:-0.031563 0.022394 0.03743 1.57147 -1.49981 2.70095
socket_8:0.06769 0.0579 0.0424 -1.5e-05 -3.7e-05 0.50716
ground_plane:0 0 0 0 0 0
depth_sensor:0 0 0.8 -3e-06 1.57079 1.57079
table:-0.4 0.4 -0.35 0 0 0
smalltable:0 0.3 -0.35 0 0 0
fixer_ar07:-0.5 0 0 0 0 0
ar6aixs:-0.5 -0 0 -0 0 0
box:0 0 0 0 0 0
result_visualize_socket:0.087709 -0.043328 0.042639 -0.000528 -0.007672 2.85083

[1]
@Object_Recognized:socket
@Closest_Object:socket_5
@Error Euler (degree):-0.018886 -0.587585 -158.983
@Error Quaternion Axis:0.005158 0.000786 0.999986
@Error Quaternion Angle (degree):201.017
@Error Translation:-0.000337 0.000142 0.000221
@Error Translation Length:0.000427211
@Estimate_result:
0.877337 0.479792 -0.00891717 0.0745491 
-0.479763 0.877382 0.00528334 0.00164283 
0.0103589 -0.000357054 0.999947 0.0426199 
0 0 0 1 
@Sensor_Pose(not sensor model):
0 0 0.8 4e-06 -0 -1e-06
@Object_Pose:
socket_0:-0.067025 -0.033429 0.037397 -1.57064 -0.097833 -0.059917
socket_1:0.052776 -0.040327 0.042391 3.14159 5e-05 -2.4428
socket_3:-0.0869 0.012636 0.037421 1.57101 -0.705906 -0.058501
socket_4:0.029849 -0.002442 0.039677 3.0359 -1.24984 3.06444
socket_5:0.074439 0.001992 0.042399 -1.2e-05 0.000107 2.27436
socket_6:-0.062157 0.050699 0.046572 -0.650213 0.848532 -1.57586
socket_7:-0.031563 0.022394 0.03743 1.57147 -1.49981 2.70095
socket_8:0.06769 0.0579 0.0424 -1.5e-05 -3.7e-05 0.50716
ground_plane:0 0 0 0 0 0
depth_sensor:0 0 0.8 -3e-06 1.57079 1.57079
table:-0.4 0.4 -0.35 0 0 0
smalltable:0 0.3 -0.35 0 0 0
fixer_ar07:-0.5 0 0 0 0 0
ar6aixs:-0.5 -0 0 -1e-06 -0 -3e-06
box:0 0 0 0 0 0
result_visualize_socket:0.074549 0.001643 0.04262 -0.000357 -0.010359 -0.500414

[2]
@Object_Recognized:socket
@Closest_Object:socket_6
@Error Euler (degree):0.113026 -0.218033 -179.821
@Error Quaternion Axis:0.001901 0.000989 0.999998
@Error Quaternion Angle (degree):180.179
@Error Translation:-5.6e-05 -0.0001 0.000151
@Error Translation Length:0.000189393
@Estimate_result:
0.0031466 -0.797062 0.603891 -0.0621459 
0.657379 -0.45342 -0.601885 0.0506013 
0.753554 0.398878 0.522544 0.0467341 
0 0 0 1 
@Sensor_Pose(not sensor model):
0 0 0.8 4e-06 -0 -1e-06
@Object_Pose:
socket_0:-0.067025 -0.033429 0.037397 -1.57064 -0.097833 -0.059917
socket_1:0.052776 -0.040327 0.042391 3.14159 5e-05 -2.4428
socket_3:-0.0869 0.012636 0.037421 1.57101 -0.705906 -0.058501
socket_4:0.029849 -0.002442 0.039677 3.0359 -1.24984 3.06444
socket_6:-0.062157 0.050699 0.046572 -0.650213 0.848532 -1.57586
socket_7:-0.031563 0.022394 0.03743 1.57147 -1.49981 2.70095
socket_8:0.06769 0.0579 0.0424 -1.5e-05 -3.7e-05 0.50716
ground_plane:0 0 0 0 0 0
depth_sensor:0 0 0.8 -3e-06 1.57079 1.57079
table:-0.4 0.4 -0.35 0 0 0
smalltable:0 0.3 -0.35 0 0 0
fixer_ar07:-0.5 0 0 0 0 0
ar6aixs:-0.5 -0 0 -1e-06 -0 -3e-06
box:0 0 0 0 0 0
result_visualize_socket:-0.062146 0.050601 0.046734 0.651984 -0.853452 1.56601

[3]
@Object_Recognized:socket
@Closest_Object:socket_4
@Error Euler (degree):0.062473 -0.020963 -107.92
@Error Quaternion Axis:0.000214 -0.000678 -1
@Error Quaternion Angle (degree):107.92
@Error Translation:0.000205 1.7e-05 -0.000661
@Error Translation Length:0.000692083
@Estimate_result:
-0.0714562 -0.354586 -0.932289 0.0304042 
-0.943437 -0.27936 0.178562 -0.00253842 
-0.32376 0.892316 -0.314568 0.0400792 
0 0 0 1 
@Sensor_Pose(not sensor model):
0 0 0.8 4e-06 -0 -1e-06
@Object_Pose:
socket_0:-0.067025 -0.033429 0.037397 -1.57064 -0.097833 -0.059917
socket_1:0.052776 -0.040327 0.042391 3.14159 5e-05 -2.4428
socket_3:-0.0869 0.012636 0.037421 1.57101 -0.705906 -0.058501
socket_4:0.029849 -0.002442 0.039677 3.0359 -1.24984 3.06444
socket_7:-0.031563 0.022394 0.03743 1.57147 -1.49981 2.70095
socket_8:0.06769 0.0579 0.0424 -1.5e-05 -3.7e-05 0.50716
ground_plane:0 0 0 0 0 0
depth_sensor:0 0 0.8 -3e-06 1.57079 1.57079
table:-0.4 0.4 -0.35 0 0 0
smalltable:0 0.3 -0.35 0 0 0
fixer_ar07:-0.5 0 0 0 0 0
ar6aixs:-0.5 -0 0 -1e-06 -0 -3e-06
box:0 0 0 0 0 0
result_visualize_socket:0.030404 -0.002538 0.040079 1.90972 0.329701 -1.64639

