[0]
@Object_Recognized:socket
@Closest_Object:socket_1
@Error Euler (degree):0.62702 0.134193 117.785
@Error Quaternion Axis:0.002131 0.006179 0.999979
@Error Quaternion Angle (degree):117.785
@Error Translation:-5.7e-05 5.7e-05 8e-06
@Error Translation Length:8.14381e-05
@Estimate_result:
-0.292162 0.692572 -0.659535 -0.0519912 
-0.819748 0.173857 0.545698 -0.053191 
0.4926 0.700085 0.516939 0.0466492 
0 0 0 1 
@Sensor_Pose(not sensor model):
0 0 0.8 4e-06 -0 -1e-06
@Object_Pose:
socket_0:-0.086486 -0.026119 0.038543 -2.0812 -1.29705 -2.59837
socket_1:-0.05198 -0.053136 0.04659 0.213002 1.00568 2.69144
socket_2:0.01032 -0.026214 0.037473 1.5708 -0.163926 2.53184
socket_3:-0.058343 0.013695 0.045978 -0.227241 0.088829 -0.275654
socket_4:-0.002708 0.008952 0.042399 6.4e-05 -7e-06 1.77183
socket_5:0.056128 -0.015827 0.037401 1.5708 -0.493079 -2.26251
socket_6:-0.076773 0.052531 0.039919 1.99182 -0.632811 0.615353
socket_7:0.038509 0.05854 0.037418 -1.57079 0.896564 -1.76751
socket_8:0.085536 0.046094 0.037401 -1.5708 -0.689513 -2.98774
ground_plane:0 0 0 0 0 0
depth_sensor:0 0 0.8 -3e-06 1.57079 1.57079
table:-0.4 0.4 -0.35 0 0 0
smalltable:0 0.3 -0.35 0 0 0
fixer_ar07:-0.5 0 0 0 0 0
ar6aixs:-0.499957 -1.3e-05 1.3e-05 -0.000471 -0.000398 -0.000242
box:0 0 0 0 0 0
result_visualize_socket:-0.051991 -0.053191 0.046649 0.934764 -0.515075 -1.91317

[1]
@Object_Recognized:socket
@Closest_Object:socket_6
@Error Euler (degree):0.103518 -0.009553 133.231
@Error Quaternion Axis:0.000474 0.000867 1
@Error Quaternion Angle (degree):133.231
@Error Translation:0.000152 0.00017 -0.000659
@Error Translation Length:0.000697236
@Estimate_result:
-0.600128 -0.338137 0.72492 -0.0771847 
-0.789093 0.101765 -0.605786 0.0528913 
0.131067 -0.935579 -0.327893 0.040351 
0 0 0 1 
@Sensor_Pose(not sensor model):
0 0 0.8 4e-06 -0 -1e-06
@Object_Pose:
socket_0:-0.086486 -0.026119 0.038543 -2.0812 -1.29705 -2.59837
socket_2:0.01032 -0.026214 0.037473 1.5708 -0.163926 2.53184
socket_3:-0.058343 0.013695 0.045978 -0.227241 0.088829 -0.275654
socket_4:-0.002708 0.008952 0.042399 6.4e-05 -7e-06 1.77183
socket_5:0.056128 -0.015827 0.037401 1.5708 -0.493079 -2.26251
socket_6:-0.076773 0.052531 0.039919 1.99182 -0.632811 0.615353
socket_7:0.038509 0.05854 0.037418 -1.57079 0.896564 -1.76751
socket_8:0.085536 0.046094 0.037401 -1.5708 -0.689513 -2.98774
ground_plane:0 0 0 0 0 0
depth_sensor:0 0 0.8 -3e-06 1.57079 1.57079
table:-0.4 0.4 -0.35 0 0 0
smalltable:0 0.3 -0.35 0 0 0
fixer_ar07:-0.5 0 0 0 0 0
ar6aixs:-0.499957 -1.3e-05 1.4e-05 -0.000479 -0.000407 -0.000246
box:0 0 0 0 0 0
result_visualize_socket:-0.077185 0.052891 0.040351 -1.90789 -0.131445 -2.221

[2]
@Object_Recognized:socket
@Closest_Object:socket_0
@Error Euler (degree):-1.14857 -0.486918 -96.9794
@Error Quaternion Axis:-0.013119 0.006262 -0.999894
@Error Quaternion Angle (degree):96.9903
@Error Translation:0.000407 9e-06 -0.000506
@Error Translation Length:0.000649313
@Estimate_result:
0.992945 -0.112424 0.0377044 -0.0866128 
0.0244671 -0.11688 -0.992845 -0.025675 
0.116027 0.986762 -0.113304 0.0389995 
0 0 0 1 
@Sensor_Pose(not sensor model):
0 0 0.8 4e-06 -0 -1e-06
@Object_Pose:
socket_0:-0.086486 -0.026119 0.038543 -2.0812 -1.29705 -2.59837
socket_2:0.01032 -0.026214 0.037473 1.5708 -0.163926 2.53184
socket_3:-0.058343 0.013695 0.045978 -0.227241 0.088829 -0.275654
socket_4:-0.002708 0.008952 0.042399 6.4e-05 -7e-06 1.77183
socket_5:0.056128 -0.015827 0.037401 1.5708 -0.493079 -2.26251
socket_7:0.038509 0.05854 0.037418 -1.57079 0.896564 -1.76751
socket_8:0.085536 0.046094 0.037401 -1.5708 -0.689513 -2.98774
ground_plane:0 0 0 0 0 0
depth_sensor:0 0 0.8 -3e-06 1.57079 1.57079
table:-0.4 0.4 -0.35 0 0 0
smalltable:0 0.3 -0.35 0 0 0
fixer_ar07:-0.5 0 0 0 0 0
ar6aixs:-0.499956 -1.4e-05 1.4e-05 -0.000482 -0.000409 -0.000248
box:0 0 0 0 0 0
result_visualize_socket:-0.086613 -0.025675 0.038999 1.68512 -0.116289 0.024636

[3]
@Object_Recognized:socket
@Closest_Object:socket_2
@Error Euler (degree):5.9644 -9.95983 -124.092
@Error Quaternion Axis:0.059241 0.097927 0.993429
@Error Quaternion Angle (degree):236.114
@Error Translation:3e-05 0.002049 -0.000554
@Error Translation Length:0.00212282
@Estimate_result:
0.436444 -0.688304 0.579443 0.0102533 
-0.0938992 0.605655 0.790167 -0.0268427 
-0.894818 -0.399274 0.199704 0.039499 
0 0 0 1 
@Sensor_Pose(not sensor model):
0 0 0.8 4e-06 -0 -1e-06
@Object_Pose:
socket_2:0.01032 -0.026214 0.037473 1.5708 -0.163926 2.53184
socket_3:-0.058343 0.013695 0.045978 -0.227241 0.088829 -0.275654
socket_4:-0.002708 0.008952 0.042399 6.4e-05 -7e-06 1.77183
socket_5:0.056128 -0.015827 0.037401 1.5708 -0.493079 -2.26251
socket_7:0.038509 0.05854 0.037418 -1.57079 0.896564 -1.76751
socket_8:0.085536 0.046094 0.037401 -1.5708 -0.689513 -2.98774
ground_plane:0 0 0 0 0 0
depth_sensor:0 0 0.8 -3e-06 1.57079 1.57079
table:-0.4 0.4 -0.35 0 0 0
smalltable:0 0.3 -0.35 0 0 0
fixer_ar07:-0.5 0 0 0 0 0
ar6aixs:-0.499956 -1.4e-05 1.4e-05 -0.000482 -0.000409 -0.000248
box:0 0 0 0 0 0
result_visualize_socket:0.010253 -0.026843 0.039499 -1.10702 1.10802 -0.211915

[4]
@Object_Recognized:socket
@Closest_Object:socket_5
@Error Euler (degree):0.348834 -4.4747 -136.304
@Error Quaternion Axis:0.037816 0.018693 0.99911
@Error Quaternion Angle (degree):223.675
@Error Translation:0.000486 0.000709 -0.000132
@Error Translation Length:0.000869644
@Estimate_result:
0.136976 -0.611216 -0.779521 0.0561703 
0.287699 -0.72847 0.621741 -0.0159827 
-0.947875 -0.309431 0.0760635 0.0382558 
0 0 0 1 
@Sensor_Pose(not sensor model):
0 0 0.8 4e-06 -0 -1e-06
@Object_Pose:
socket_3:-0.058343 0.013695 0.045978 -0.227241 0.088829 -0.275654
socket_4:-0.002708 0.008952 0.042399 6.4e-05 -7e-06 1.77183
socket_5:0.056128 -0.015827 0.037401 1.5708 -0.493079 -2.26251
socket_7:0.038509 0.05854 0.037418 -1.57079 0.896564 -1.76751
socket_8:0.085536 0.046094 0.037401 -1.5708 -0.689513 -2.98774
ground_plane:0 0 0 0 0 0
depth_sensor:0 0 0.8 -3e-06 1.57079 1.57079
table:-0.4 0.4 -0.35 0 0 0
smalltable:0 0.3 -0.35 0 0 0
fixer_ar07:-0.5 0 0 0 0 0
ar6aixs:-0.499956 -1.4e-05 1.4e-05 -0.000482 -0.000409 -0.000248
box:0 0 0 0 0 0
result_visualize_socket:0.05617 -0.015983 0.038256 -1.32976 1.2465 1.12644

[5]
@Object_Recognized:socket
@Closest_Object:socket_7
@Error Euler (degree):1.79879 -3.66508 22.672
@Error Quaternion Axis:0.108271 -0.141246 0.984036
@Error Quaternion Angle (degree):23.0885
@Error Translation:-0.000519 -0.000521 0.000205
@Error Translation Length:0.000762985
@Estimate_result:
0.00906571 0.218649 0.975762 0.0386934 
-0.281583 0.936873 -0.207319 0.0584183 
-0.959494 -0.272879 0.0700611 0.0381487 
0 0 0 1 
@Sensor_Pose(not sensor model):
0 0 0.8 4e-06 -0 -1e-06
@Object_Pose:
socket_3:-0.058343 0.013695 0.045978 -0.227241 0.088829 -0.275654
socket_4:-0.002708 0.008952 0.042399 6.4e-05 -7e-06 1.77183
socket_7:0.038509 0.05854 0.037418 -1.57079 0.896564 -1.76751
socket_8:0.085536 0.046094 0.037401 -1.5708 -0.689513 -2.98774
ground_plane:0 0 0 0 0 0
depth_sensor:0 0 0.8 -3e-06 1.57079 1.57079
table:-0.4 0.4 -0.35 0 0 0
smalltable:0 0.3 -0.35 0 0 0
fixer_ar07:-0.5 0 0 0 0 0
ar6aixs:-0.499956 -1.4e-05 1.4e-05 -0.000482 -0.000409 -0.000248
box:0 0 0 0 0 0
result_visualize_socket:0.05617 -0.015983 0.038256 -1.32976 1.2465 1.12644

[6]
@Object_Recognized:socket
@Closest_Object:socket_8
@Error Euler (degree):0.186957 -0.599956 -165.809
@Error Quaternion Axis:0.005032 0.002283 0.999985
@Error Quaternion Angle (degree):194.191
@Error Translation:8.3e-05 -0.000112 0.000266
@Error Translation Length:0.000300137
@Estimate_result:
0.894843 0.423021 0.142506 0.0855837 
0.128175 0.0623001 -0.989792 0.0458323 
-0.427582 0.903975 0.00152765 0.0375402 
0 0 0 1 
@Sensor_Pose(not sensor model):
0 0 0.8 4e-06 -0 -1e-06
@Object_Pose:
socket_3:-0.058343 0.013695 0.045978 -0.227241 0.088829 -0.275654
socket_4:-0.002708 0.008952 0.042399 6.4e-05 -7e-06 1.77183
socket_8:0.085536 0.046094 0.037401 -1.5708 -0.689513 -2.98774
ground_plane:0 0 0 0 0 0
depth_sensor:0 0 0.8 -3e-06 1.57079 1.57079
table:-0.4 0.4 -0.35 0 0 0
smalltable:0 0.3 -0.35 0 0 0
fixer_ar07:-0.5 0 0 0 0 0
ar6aixs:-0.499956 -1.4e-05 1.4e-05 -0.000482 -0.000409 -0.000248
box:0 0 0 0 0 0
result_visualize_socket:0.085584 0.045832 0.03754 1.56911 0.441816 0.14227

[7]
@Object_Recognized:socket
@Closest_Object:socket_3
@Error Euler (degree):0.053446 -0.42587 111.808
@Error Quaternion Axis:0.004032 -0.002049 0.99999
@Error Quaternion Angle (degree):111.809
@Error Translation:-0.000614 -2e-05 2.7e-05
@Error Translation Length:0.000614659
@Estimate_result:
-0.098325 -0.995154 0.00162011 -0.0624432 
0.995128 -0.0983338 -0.00728608 0.00901235 
0.00741001 0.000895327 0.999972 0.0424264 
0 0 0 1 
@Sensor_Pose(not sensor model):
0 0 0.8 4e-06 -0 -1e-06
@Object_Pose:
socket_3:-0.061848 0.008861 0.0424 -7e-06 -4.3e-05 -0.282132
socket_4:-0.002711 0.008954 0.042399 3.4e-05 -1.9e-05 1.7719
ground_plane:0 0 0 0 0 0
depth_sensor:0 0 0.8 -3e-06 1.57079 1.57079
table:-0.4 0.4 -0.35 0 0 0
smalltable:0 0.3 -0.35 0 0 0
fixer_ar07:-0.5 0 0 0 0 0
ar6aixs:-0.499956 -1.4e-05 1.4e-05 -0.000487 -0.000415 -0.000251
box:0 0 0 0 0 0
result_visualize_socket:-0.14 1 2 0 0 0

[8]
@Object_Recognized:socket
@Closest_Object:socket_4
@Error Euler (degree):-0.308138 -0.151334 1.39604
@Error Quaternion Axis:-0.213106 -0.107899 0.971053
@Error Quaternion Angle (degree):1.43309
@Error Translation:0.000141 0.000637 4.3e-05
@Error Translation Length:0.000654269
@Estimate_result:
-0.223563 -0.97468 -0.00461454 -0.00336412 
0.974687 -0.223547 -0.00378893 0.00896542 
0.00266152 -0.00534458 0.999983 0.0424427 
0 0 0 1 
@Sensor_Pose(not sensor model):
0 0 0.8 4e-06 -0 -1e-06
@Object_Pose:
socket_4:-0.002711 0.008954 0.042399 3.4e-05 -1.9e-05 1.7719
ground_plane:0 0 0 0 0 0
depth_sensor:0 0 0.8 -3e-06 1.57079 1.57079
table:-0.4 0.4 -0.35 0 0 0
smalltable:0 0.3 -0.35 0 0 0
fixer_ar07:-0.5 0 0 0 0 0
ar6aixs:-0.499956 -1.4e-05 1.4e-05 -0.000487 -0.000415 -0.000251
box:0 0 0 0 0 0
result_visualize_socket:-0.003364 0.008965 0.042443 -0.005345 -0.002662 1.79627

