[0]
@Object_Recognized:socket
@Closest_Object:socket_1
@Error Euler (degree):0.143424 -0.016346 159.743
@Error Quaternion Axis:0.000366 0.001226 0.999999
@Error Quaternion Angle (degree):159.743
@Error Translation:-0.000174 2.7e-05 0.000288
@Error Translation Length:0.000337736
@Estimate_result:
-0.957977 0.286835 0.0026042 -0.0195925 
-0.286846 -0.957919 -0.0104795 -0.0542817 
-0.000510998 -0.0107862 0.999942 0.0429186 
0 0 0 1 
@Sensor_Pose(not sensor model):
0 0 0.8 4e-06 -0 -1e-06
@Object_Pose:
socket_0:-0.062268 -0.058292 0.037388 1.57079 1.07993 1.75694
socket_1:-0.019439 -0.054195 0.042631 0.012192 -0.005348 0.644449
socket_2:0.012104 -0.039229 0.037412 -1.57065 -0.895391 0.422114
socket_3:-0.042114 -0.018783 0.042173 2.05765 -0.154051 -1.70328
socket_4:-0.000207 -0.000274 0.0424 0.000123 0.000134 1.67783
socket_5:0.044764 -0.01929 0.037454 -1.5716 -0.846829 -1.01162
socket_6:-0.078596 0.009459 0.037463 -1.57079 1.40805 1.78862
socket_7:-0.009546 0.044572 0.037429 -1.57078 -0.073603 -0.405643
socket_8:0.031044 0.061015 0.037438 1.5708 -0.125557 1.77837
ground_plane:0 0 0 0 0 0
depth_sensor:0 0 0.8 -3e-06 1.57079 1.57079
box:0 0 0 0 0 0
result_visualize_socket:-0.019593 -0.054282 0.042919 -0.010786 0.000511 -2.85066

[1]
@Object_Recognized:socket
@Closest_Object:socket_4
@Error Euler (degree):-0.151521 -0.340113 -19.2835
@Error Quaternion Axis:-0.010749 -0.016145 -0.999812
@Error Quaternion Angle (degree):19.2874
@Error Translation:0.000113 7e-05 0.000223
@Error Translation Length:0.000259931
@Estimate_result:
0.227509 -0.973769 -0.00381799 -0.000288588 
0.973759 0.227527 -0.00503196 -0.000169125 
0.00576867 -0.00257273 0.99998 0.0426232 
0 0 0 1 
@Sensor_Pose(not sensor model):
0 0 0.8 4e-06 -0 -1e-06
@Object_Pose:
socket_0:-0.062268 -0.058292 0.037388 1.57079 1.07993 1.75694
socket_2:0.012104 -0.039229 0.037412 -1.57065 -0.895391 0.422114
socket_3:-0.042114 -0.018783 0.042173 2.05765 -0.154051 -1.70328
socket_4:-0.000207 -0.000274 0.0424 0.000123 0.000134 1.67783
socket_5:0.044764 -0.01929 0.037454 -1.5716 -0.846829 -1.01162
socket_6:-0.078596 0.009459 0.037463 -1.57079 1.40805 1.78862
socket_7:-0.009546 0.044572 0.037429 -1.57078 -0.073603 -0.405643
socket_8:0.031044 0.061015 0.037438 1.5708 -0.125557 1.77837
ground_plane:0 0 0 0 0 0
depth_sensor:0 0 0.8 -3e-06 1.57079 1.57079
box:0 0 0 0 0 0
result_visualize_socket:-0.000289 -0.000169 0.042623 -0.002573 -0.005769 1.34127

[2]
@Object_Recognized:socket
@Closest_Object:socket_3
@Error Euler (degree):0.566829 -0.388747 -121.319
@Error Quaternion Axis:0.000612 0.006853 0.999976
@Error Quaternion Angle (degree):238.681
@Error Translation:5e-06 0.000209 4e-06
@Error Translation Length:0.00020953
@Estimate_result:
0.4427 0.111441 -0.889717 -0.0422122 
0.341821 -0.938294 0.0525558 -0.0187467 
-0.82896 -0.32739 -0.453476 0.0423545 
0 0 0 1 
@Sensor_Pose(not sensor model):
0 0 0.8 4e-06 -0 -1e-06
@Object_Pose:
socket_0:-0.062268 -0.058292 0.037388 1.57079 1.07993 1.75694
socket_2:0.012104 -0.039229 0.037412 -1.57065 -0.895391 0.422114
socket_3:-0.042114 -0.018783 0.042173 2.05765 -0.154051 -1.70328
socket_5:0.044764 -0.01929 0.037454 -1.5716 -0.846829 -1.01162
socket_6:-0.078596 0.009459 0.037463 -1.57079 1.40805 1.78862
socket_7:-0.009546 0.044572 0.037429 -1.57078 -0.073603 -0.405643
socket_8:0.031044 0.061015 0.037438 1.5708 -0.125557 1.77837
ground_plane:0 0 0 0 0 0
depth_sensor:0 0 0.8 -3e-06 1.57079 1.57079
box:0 0 0 0 0 0
result_visualize_socket:-0.042212 -0.018747 0.042354 -2.51628 0.977246 0.657512

[3]
@Object_Recognized:socket
@Closest_Object:socket_2
@Error Euler (degree):1.33069 -4.28207 119.873
@Error Quaternion Axis:0.044051 -0.010014 0.998979
@Error Quaternion Angle (degree):119.974
@Error Translation:0.000715 -0.000555 0.000201
@Error Translation Length:0.000927498
@Estimate_result:
0.301695 -0.858974 -0.413696 0.0120339 
0.217486 -0.36047 0.907062 -0.0390404 
-0.928267 -0.363629 0.0780633 0.0383172 
0 0 0 1 
@Sensor_Pose(not sensor model):
0 0 0.8 4e-06 -0 -1e-06
@Object_Pose:
socket_0:-0.062268 -0.058292 0.037388 1.57079 1.07993 1.75694
socket_2:0.012104 -0.039229 0.037412 -1.57065 -0.895391 0.422114
socket_5:0.044764 -0.01929 0.037454 -1.5716 -0.846829 -1.01162
socket_6:-0.078596 0.009459 0.037463 -1.57079 1.40805 1.78862
socket_7:-0.009546 0.044572 0.037429 -1.57078 -0.073603 -0.405643
socket_8:0.031044 0.061015 0.037438 1.5708 -0.125557 1.77837
ground_plane:0 0 0 0 0 0
depth_sensor:0 0 0.8 -3e-06 1.57079 1.57079
box:0 0 0 0 0 0
result_visualize_socket:0.012034 -0.03904 0.038317 -1.35933 1.18973 0.624605

[4]
@Object_Recognized:socket
@Closest_Object:socket_7
@Error Euler (degree):0.53731 -5.19219 75.6741
@Error Quaternion Axis:0.051223 -0.053524 0.997252
@Error Quaternion Angle (degree):75.8513
@Error Translation:-0.000266 -0.001003 -0.00063
@Error Translation Length:0.00121394
@Estimate_result:
0.326726 -0.86767 0.374699 -0.0101063 
-0.0418124 0.382798 0.922885 0.0441273 
-0.944194 -0.317198 0.0887908 0.0384095 
0 0 0 1 
@Sensor_Pose(not sensor model):
0 0 0.8 4e-06 -0 -1e-06
@Object_Pose:
socket_0:-0.062268 -0.058292 0.037388 1.57079 1.07993 1.75694
socket_5:0.044764 -0.01929 0.037454 -1.5716 -0.846829 -1.01162
socket_6:-0.078596 0.009459 0.037463 -1.57079 1.40805 1.78862
socket_7:-0.009546 0.044572 0.037429 -1.57078 -0.073603 -0.405643
socket_8:0.031044 0.061015 0.037438 1.5708 -0.125557 1.77837
ground_plane:0 0 0 0 0 0
depth_sensor:0 0 0.8 -3e-06 1.57079 1.57079
box:0 0 0 0 0 0
result_visualize_socket:-0.010106 0.044127 0.03841 -1.29786 1.23514 -0.127282

[5]
@Object_Recognized:socket
@Closest_Object:socket_5
@Error Euler (degree):0.939694 -4.19257 118.8
@Error Quaternion Axis:0.041406 -0.013431 0.999052
@Error Quaternion Angle (degree):118.882
@Error Translation:0.00056 -0.000583 0.00017
@Error Translation Length:0.000825838
@Estimate_result:
0.239921 -0.485327 0.840771 0.0448743 
-0.246884 0.80709 0.536336 -0.0191441 
-0.938875 -0.336251 0.0738184 0.0382589 
0 0 0 1 
@Sensor_Pose(not sensor model):
0 0 0.8 4e-06 -0 -1e-06
@Object_Pose:
socket_0:-0.062268 -0.058292 0.037388 1.57079 1.07993 1.75694
socket_5:0.044764 -0.01929 0.037454 -1.5716 -0.846829 -1.01162
socket_6:-0.078596 0.009459 0.037463 -1.57079 1.40805 1.78862
socket_8:0.031044 0.061015 0.037438 1.5708 -0.125557 1.77837
ground_plane:0 0 0 0 0 0
depth_sensor:0 0 0.8 -3e-06 1.57079 1.57079
box:0 0 0 0 0 0
result_visualize_socket:0.044874 -0.019144 0.038259 -1.35469 1.21935 -0.799699

[6]
@Object_Recognized:socket
@Closest_Object:socket_8
@Error Euler (degree):2.03087 -3.88728 -114.794
@Error Quaternion Axis:-0.022585 -0.039404 -0.998968
@Error Quaternion Angle (degree):114.779
@Error Translation:6.9e-05 0.000804 0.000376
@Error Translation Length:0.00088988
@Estimate_result:
0.12851 -0.16187 0.978408 0.0314183 
-0.281227 0.940141 0.192477 0.0610616 
-0.950997 -0.29989 0.075295 0.0382439 
0 0 0 1 
@Sensor_Pose(not sensor model):
0 0 0.8 4e-06 -0 -1e-06
@Object_Pose:
socket_0:-0.062268 -0.058292 0.037388 1.57079 1.07993 1.75694
socket_6:-0.078596 0.009459 0.037463 -1.57079 1.40805 1.78862
socket_8:0.031044 0.061015 0.037438 1.5708 -0.125557 1.77837
ground_plane:0 0 0 0 0 0
depth_sensor:0 0 0.8 -3e-06 1.57079 1.57079
box:0 0 0 0 0 0
result_visualize_socket:0.031418 0.061062 0.038244 -1.3248 1.25645 -1.14217

[7]
@Object_Recognized:socket
@Closest_Object:socket_0
@Error Euler (degree):-0.994909 0.150822 9.60703
@Error Quaternion Axis:-0.104052 0.006941 0.994548
@Error Quaternion Angle (degree):9.66055
@Error Translation:-0.000104 0.000217 0.000353
@Error Translation Length:0.000427314
@Estimate_result:
-0.115843 -0.16341 0.979734 -0.0619472 
0.6009 0.773867 0.200124 -0.0580866 
-0.790886 0.611905 0.00854593 0.0375816 
0 0 0 1 
@Sensor_Pose(not sensor model):
0 0 0.8 4e-06 -0 -1e-06
@Object_Pose:
socket_0:-0.062268 -0.058292 0.037388 1.57079 1.07993 1.75694
socket_6:-0.078596 0.009459 0.037463 -1.57079 1.40805 1.78862
ground_plane:0 0 0 0 0 0
depth_sensor:0 0 0.8 -3e-06 1.57079 1.57079
box:0 0 0 0 0 0
result_visualize_socket:-0.061947 -0.058087 0.037582 1.55683 0.912255 1.76124

[8]
@Object_Recognized:socket
@Closest_Object:socket_6
@Error Euler (degree):0.067038 0.284858 -55.1127
@Error Quaternion Axis:0.003607 0.004179 -0.999985
@Error Quaternion Angle (degree):55.1136
@Error Translation:-0.000148 4.9e-05 7.4e-05
@Error Translation Length:0.000172772
@Estimate_result:
-0.190093 0.0921042 -0.977436 -0.0786524 
0.881861 -0.421549 -0.211228 0.00937215 
-0.431493 -0.902116 -0.00108945 0.0376006 
0 0 0 1 
@Sensor_Pose(not sensor model):
0 0 0.8 4e-06 -0 -1e-06
@Object_Pose:
socket_6:-0.078596 0.009459 0.037463 -1.57079 1.40805 1.78862
ground_plane:0 0 0 0 0 0
depth_sensor:0 0 0.8 -3e-06 1.57079 1.57079
box:0 0 0 0 0 0
result_visualize_socket:-0.078652 0.009372 0.037601 -1.572 0.446146 1.78311

[9]
@Object_Recognized:socket
@Closest_Object:socket_6
@Error Euler (degree):1.4773 3.49736 63.1514
@Error Quaternion Axis:-0.00954 0.06248 0.998001
@Error Quaternion Angle (degree):63.2086
@Error Translation:0.000456 -9e-06 0.001357
@Error Translation Length:0.00143145
@Estimate_result:
0.827383 -0.46738 -0.311437 -0.0844299 
0.532076 0.829818 0.168222 0.0113665 
0.179813 -0.304892 0.935259 0.0743113 
0 0 0 1 
@Sensor_Pose(not sensor model):
0 0 0.8 4e-06 -0 -1e-06
@Object_Pose:
socket_0:-0.081847 -0.03244 0.037483 -1.57083 -0.395269 -0.289768
socket_1:-0.040828 -0.027532 0.043934 -2.32246 -0.528842 -0.375809
socket_2:-0.014654 -0.062599 0.037399 1.57172 -1.47281 1.57
socket_3:-0.063065 0.014848 0.03748 -1.5708 0.968975 -0.730036
socket_4:0.000766 -0.001149 0.042401 5.7e-05 -4.4e-05 -0.546159
socket_5:0.067062 -0.01803 0.0424 -8e-06 -3.7e-05 0.53095
socket_6:-0.084272 0.011386 0.072889 0.06775 -0.411569 -0.565602
socket_7:-0.028383 0.051889 0.037398 1.57075 0.686998 0.480368
socket_8:0.03336 0.023802 0.037435 1.57072 -1.30133 -3.0434
ground_plane:0 0 0 0 0 0
depth_sensor:0 0 0.8 -3e-06 1.57079 1.57079
box:0 0 0 0 0 0
result_visualize_socket:-0.08443 0.011367 0.074311 -0.315134 -0.180796 0.571497

