[0]
@Object_Recognized:socket
@Closest_Object:socket_3
@Error Euler (degree):0.376587 -0.219351 115.856
@Error Quaternion Axis:0.003973 0.002087 0.99999
@Error Quaternion Angle (degree):115.857
@Error Translation:4e-06 0.000747 0.000246
@Error Translation Length:0.000786161
@Estimate_result:
-0.990719 0.135889 0.00286182 -0.0819589 
-0.135866 -0.990702 0.00702326 0.00568202 
0.00378963 0.00656946 0.999971 0.042646 
0 0 0 1 
@Sensor_Pose(not sensor model):
0 0 0.8 4e-06 -0 -1e-06
@Object_Pose:
socket_0:-0.069642 -0.029224 0.037475 -1.5708 1.20556 -1.54661
socket_1:-0.043407 -0.05907 0.045794 1.0308 -0.464371 -0.859727
socket_2:0.044788 -0.044209 0.037398 1.57067 -1.4727 2.73233
socket_3:-0.08125 0.005447 0.0424 -3.4e-05 -2e-05 1.25581
socket_4:0.002003 -0.038953 0.038169 -1.88201 1.28196 -1.33504
socket_5:0.081522 -0.014331 0.037435 1.57072 -0.713603 -1.63527
socket_6:-0.048147 0.021899 0.037391 1.5708 0.883565 0.074282
socket_7:0.035005 0.043605 0.037467 -1.57177 -1.54636 -2.5634
socket_8:0.082783 0.02618 0.045373 0.749058 -0.944294 1.25757
ground_plane:0 0 0 0 0 0
depth_sensor:0 0 0.8 -3e-06 1.57079 1.57079
table:-0.4 0.4 -0.35 0 0 0
smalltable:0 0.3 -0.35 0 0 0
fixer_ar07:-0.5 0 0 0 0 0
ar6aixs:-0.5 -0 0 -0 -0 0
box:0 0 0 0 0 0
result_visualize_socket:-0.081959 0.005682 0.042646 0.006569 -0.00379 -3.0053

[1]
@Object_Recognized:socket
@Closest_Object:socket_1
@Error Euler (degree):0.477847 -0.170955 -2.96712
@Error Quaternion Axis:0.157275 -0.060902 -0.985675
@Error Quaternion Angle (degree):3.00904
@Error Translation:0.000119 4e-05 0.000213
@Error Translation Length:0.000247034
@Estimate_result:
0.573173 0.162165 -0.803229 -0.0435024 
-0.710103 0.587471 -0.388114 -0.0592071 
0.408935 0.792831 0.451876 0.0459756 
0 0 0 1 
@Sensor_Pose(not sensor model):
0 0 0.8 4e-06 -0 -1e-06
@Object_Pose:
socket_0:-0.069642 -0.029224 0.037475 -1.5708 1.20556 -1.54661
socket_1:-0.043407 -0.05907 0.045794 1.0308 -0.464371 -0.859727
socket_2:0.044788 -0.044209 0.037398 1.57067 -1.4727 2.73233
socket_4:0.002003 -0.038953 0.038169 -1.88201 1.28196 -1.33504
socket_5:0.081522 -0.014331 0.037435 1.57072 -0.713603 -1.63527
socket_6:-0.048147 0.021899 0.037391 1.5708 0.883565 0.074282
socket_7:0.035005 0.043605 0.037467 -1.57177 -1.54636 -2.5634
socket_8:0.082783 0.02618 0.045373 0.749058 -0.944294 1.25757
ground_plane:0 0 0 0 0 0
depth_sensor:0 0 0.8 -3e-06 1.57079 1.57079
table:-0.4 0.4 -0.35 0 0 0
smalltable:0 0.3 -0.35 0 0 0
fixer_ar07:-0.5 0 0 0 0 0
ar6aixs:-0.5 -0 0 -0 -0 0
box:0 0 0 0 0 0
result_visualize_socket:-0.043502 -0.059207 0.045976 1.05276 -0.421286 -0.8917

[2]
@Object_Recognized:socket
@Closest_Object:socket_8
@Error Euler (degree):0.237697 0.238896 -100.866
@Error Quaternion Axis:0.003799 -0.000352 -0.999993
@Error Quaternion Angle (degree):100.867
@Error Translation:5.4e-05 3.7e-05 -1e-06
@Error Translation Length:6.56437e-05
@Estimate_result:
0.81513 0.342743 0.467004 0.08276 
0.191844 0.600964 -0.775912 0.0262 
-0.54659 0.72206 0.424109 0.0454308 
0 0 0 1 
@Sensor_Pose(not sensor model):
0 0 0.8 4e-06 -0 -1e-06
@Object_Pose:
socket_0:-0.069642 -0.029224 0.037475 -1.5708 1.20556 -1.54661
socket_2:0.044788 -0.044209 0.037398 1.57067 -1.4727 2.73233
socket_4:0.002003 -0.038953 0.038169 -1.88201 1.28196 -1.33504
socket_5:0.081522 -0.014331 0.037435 1.57072 -0.713603 -1.63527
socket_6:-0.048147 0.021899 0.037391 1.5708 0.883565 0.074282
socket_7:0.035005 0.043605 0.037467 -1.57177 -1.54636 -2.5634
socket_8:0.082783 0.02618 0.045373 0.749058 -0.944294 1.25757
ground_plane:0 0 0 0 0 0
depth_sensor:0 0 0.8 -3e-06 1.57079 1.57079
table:-0.4 0.4 -0.35 0 0 0
smalltable:0 0.3 -0.35 0 0 0
fixer_ar07:-0.5 0 0 0 0 0
ar6aixs:-0.5 -0 0 -0 -0 0
box:0 0 0 0 0 0
result_visualize_socket:0.08276 0.0262 0.045431 1.03972 0.578287 0.231148

[3]
@Object_Recognized:socket
@Closest_Object:socket_4
@Error Euler (degree):2.09545 -3.79273 -6.03995
@Error Quaternion Axis:0.256634 -0.528653 -0.809114
@Error Quaternion Angle (degree):7.37561
@Error Translation:-0.000765 -0.000289 0.000515
@Error Translation Length:0.000966263
@Estimate_result:
0.17635 -0.46974 0.865012 0.00254156 
-0.326875 0.800968 0.501601 -0.038716 
-0.928469 -0.371208 -0.0122957 0.0389359 
0 0 0 1 
@Sensor_Pose(not sensor model):
0 0 0.8 4e-06 -0 -1e-06
@Object_Pose:
socket_0:-0.069642 -0.029224 0.037475 -1.5708 1.20556 -1.54661
socket_2:0.044788 -0.044209 0.037398 1.57067 -1.4727 2.73233
socket_4:0.002003 -0.038953 0.038169 -1.88201 1.28196 -1.33504
socket_5:0.081522 -0.014331 0.037435 1.57072 -0.713603 -1.63527
socket_6:-0.048147 0.021899 0.037391 1.5708 0.883565 0.074282
socket_7:0.035005 0.043605 0.037467 -1.57177 -1.54636 -2.5634
ground_plane:0 0 0 0 0 0
depth_sensor:0 0 0.8 -3e-06 1.57079 1.57079
table:-0.4 0.4 -0.35 0 0 0
smalltable:0 0.3 -0.35 0 0 0
fixer_ar07:-0.5 0 0 0 0 0
ar6aixs:-0.5 -0 0 -0 -0 0
box:0 0 0 0 0 0
result_visualize_socket:0.08276 0.0262 0.045431 1.03972 0.578287 0.231148

[4]
@Object_Recognized:socket
@Closest_Object:socket_5
@Error Euler (degree):0.74678 -4.56205 -149.123
@Error Quaternion Axis:0.038002 0.017503 0.999124
@Error Quaternion Angle (degree):210.881
@Error Translation:0.000564 0.000692 0.000285
@Error Translation Length:0.000937882
@Estimate_result:
-0.0593147 -0.0742426 -0.995476 0.0812391 
0.316433 -0.947201 0.0517879 -0.0142865 
-0.946759 -0.311929 0.0796757 0.0383285 
0 0 0 1 
@Sensor_Pose(not sensor model):
0 0 0.8 4e-06 -0 -1e-06
@Object_Pose:
socket_0:-0.069642 -0.029224 0.037475 -1.5708 1.20556 -1.54661
socket_2:0.044788 -0.044209 0.037398 1.57067 -1.4727 2.73233
socket_5:0.081522 -0.014331 0.037435 1.57072 -0.713603 -1.63527
socket_6:-0.048147 0.021899 0.037391 1.5708 0.883565 0.074282
socket_7:0.035005 0.043605 0.037467 -1.57177 -1.54636 -2.5634
ground_plane:0 0 0 0 0 0
depth_sensor:0 0 0.8 -3e-06 1.57079 1.57079
table:-0.4 0.4 -0.35 0 0 0
smalltable:0 0.3 -0.35 0 0 0
fixer_ar07:-0.5 0 0 0 0 0
ar6aixs:-0.5 -0 0 -1e-06 1e-06 -5e-06
box:0 0 0 0 0 0
result_visualize_socket:0.081239 -0.014286 0.038328 -1.32072 1.24301 1.75609

