[0]
@Object_Recognized:socket
@Closest_Object:socket_6
@Error Euler (degree):0.016326 0.850089 -81.0981
@Error Quaternion Axis:0.007585 0.008528 -0.999935
@Error Quaternion Angle (degree):81.1019
@Error Translation:2.1e-05 6.5e-05 0.000302
@Error Translation Length:0.000309879
@Estimate_result:
-0.60713 0.23913 -0.757767 -0.0795755 
-0.525299 -0.836317 0.156957 0.0612801 
-0.5962 0.493348 0.633368 0.0480175 
0 0 0 1 
@Sensor_Pose(not sensor model):
0 0 0.8 4e-06 -0 -1e-06
@Object_Pose:
socket_0:-0.081714 -0.02423 0.037419 -1.5708 -0.89681 0.098308
socket_1:0.004416 -0.061069 0.044608 2.94042 0.016879 0.084932
socket_2:0.07416 -0.037209 0.0424 -8e-06 -4.7e-05 -2.44934
socket_3:-0.049387 0.00821 0.037398 -1.57077 -1.47267 1.71956
socket_4:0.00793 -0.01324 0.037391 1.57085 0.296608 -0.512334
socket_5:0.069885 0.010412 0.037391 -1.57086 -0.490804 0.754539
socket_6:-0.079394 0.061224 0.047772 0.795949 -0.407628 -1.41684
socket_7:-0.033267 0.062564 0.042389 -3.14159 9.2e-05 2.27891
socket_8:0.081206 0.062512 0.042398 0.000117 2.1e-05 -1.55073
ground_plane:0 0 0 0 0 0
depth_sensor:0 0 0.8 -3e-06 1.57079 1.57079
table:-0.4 0.4 -0.35 0 0 0
smalltable:0 0.3 -0.35 0 0 0
fixer_ar07:-0.5 0 0 0 0 0
ar6aixs:-0.5 -0 0 -0 0 0
box:0 0 0 0 0 0
result_visualize_socket:-0.14 1 2 0 0 0

[1]
@Object_Recognized:socket
@Closest_Object:socket_4
@Error Euler (degree):1.50525 -4.14786 -91.1155
@Error Quaternion Axis:-0.023306 -0.048603 -0.998546
@Error Quaternion Angle (degree):91.1444
@Error Translation:-0.000304 0.000759 0.000179
@Error Translation Length:0.00083718
@Estimate_result:
-0.305651 0.815811 -0.490948 0.00778232 
0.0889838 -0.488893 -0.867794 -0.0133624 
-0.947977 -0.308929 0.0768366 0.0382062 
0 0 0 1 
@Sensor_Pose(not sensor model):
0 0 0.8 4e-06 -0 -1e-06
@Object_Pose:
socket_0:-0.081714 -0.02423 0.037419 -1.5708 -0.89681 0.098308
socket_1:0.004416 -0.061069 0.044608 2.94042 0.016879 0.084932
socket_2:0.07416 -0.037209 0.0424 -8e-06 -4.7e-05 -2.44934
socket_3:-0.049387 0.00821 0.037398 -1.57077 -1.47267 1.71956
socket_4:0.00793 -0.01324 0.037391 1.57085 0.296608 -0.512334
socket_5:0.069885 0.010412 0.037391 -1.57086 -0.490804 0.754539
socket_7:-0.033267 0.062564 0.042389 -3.14159 9.2e-05 2.27891
socket_8:0.081206 0.062512 0.042398 0.000117 2.1e-05 -1.55073
ground_plane:0 0 0 0 0 0
depth_sensor:0 0 0.8 -3e-06 1.57079 1.57079
table:-0.4 0.4 -0.35 0 0 0
smalltable:0 0.3 -0.35 0 0 0
fixer_ar07:-0.5 0 0 0 0 0
ar6aixs:-0.5 -0 0 -0 0 0
box:0 0 0 0 0 0
result_visualize_socket:0.007782 -0.013362 0.038206 -1.32702 1.24682 2.85829

[2]
@Object_Recognized:socket
@Closest_Object:socket_0
@Error Euler (degree):0.162893 -4.93155 127.119
@Error Quaternion Axis:0.043717 -0.019969 0.998844
@Error Quaternion Angle (degree):127.179
@Error Translation:0.00054 -0.000797 -0.000569
@Error Translation Length:0.00111855
@Estimate_result:
0.235866 -0.964824 -0.116123 -0.0819426 
0.109643 -0.0923094 0.989676 -0.024825 
-0.965581 -0.246163 0.0840137 0.0383382 
0 0 0 1 
@Sensor_Pose(not sensor model):
0 0 0.8 4e-06 -0 -1e-06
@Object_Pose:
socket_0:-0.081714 -0.02423 0.037419 -1.5708 -0.89681 0.098308
socket_1:0.004416 -0.061069 0.044608 2.94042 0.016879 0.084932
socket_2:0.07416 -0.037209 0.0424 -8e-06 -4.7e-05 -2.44934
socket_3:-0.049387 0.00821 0.037398 -1.57077 -1.47267 1.71956
socket_5:0.069885 0.010412 0.037391 -1.57086 -0.490804 0.754539
socket_7:-0.033267 0.062564 0.042389 -3.14159 9.2e-05 2.27891
socket_8:0.081206 0.062512 0.042398 0.000117 2.1e-05 -1.55073
ground_plane:0 0 0 0 0 0
depth_sensor:0 0 0.8 -3e-06 1.57079 1.57079
table:-0.4 0.4 -0.35 0 0 0
smalltable:0 0.3 -0.35 0 0 0
fixer_ar07:-0.5 0 0 0 0 0
ar6aixs:-0.5 -0 0 -0 -0 0
box:0 0 0 0 0 0
result_visualize_socket:-0.081943 -0.024825 0.038338 -1.2419 1.30767 0.435139

[3]
@Object_Recognized:socket
@Closest_Object:socket_5
@Error Euler (degree):1.39747 -4.20321 95.0824
@Error Quaternion Axis:0.047771 -0.021344 0.99863
@Error Quaternion Angle (degree):95.2119
@Error Translation:0.00034 -0.000679 0.00039
@Error Translation Length:0.000853599
@Estimate_result:
0.234207 -0.68745 -0.68743 0.0696031 
0.320694 -0.612889 0.722166 0.0106825 
-0.917771 -0.389591 0.0769181 0.0381501 
0 0 0 1 
@Sensor_Pose(not sensor model):
0 0 0.8 4e-06 -0 -1e-06
@Object_Pose:
socket_1:0.004416 -0.061069 0.044608 2.94042 0.016879 0.084932
socket_2:0.07416 -0.037209 0.0424 -8e-06 -4.7e-05 -2.44934
socket_3:-0.049387 0.00821 0.037398 -1.57077 -1.47267 1.71956
socket_5:0.069885 0.010412 0.037391 -1.57086 -0.490804 0.754539
socket_7:-0.033267 0.062564 0.042389 -3.14159 9.2e-05 2.27891
socket_8:0.081206 0.062512 0.042398 0.000117 2.1e-05 -1.55073
ground_plane:0 0 0 0 0 0
depth_sensor:0 0 0.8 -3e-06 1.57079 1.57079
table:-0.4 0.4 -0.35 0 0 0
smalltable:0 0.3 -0.35 0 0 0
fixer_ar07:-0.5 0 0 0 0 0
ar6aixs:-0.5 -0 0 -0 -0 0
box:0 0 0 0 0 0
result_visualize_socket:0.069603 0.010683 0.03815 -1.37587 1.16243 0.940014

[4]
@Object_Recognized:socket
@Closest_Object:socket_3
@Error Euler (degree):0.03859 0.033746 89.0683
@Error Quaternion Axis:4.8e-05 0.000636 1
@Error Quaternion Angle (degree):89.0683
@Error Translation:9.1e-05 -3.5e-05 -8.2e-05
@Error Translation Length:0.000126979
@Estimate_result:
-0.147162 0.0114529 -0.989047 -0.049302 
0.985728 -0.0809676 -0.147606 0.00819568 
-0.0817711 -0.996651 0.000625947 0.0374912 
0 0 0 1 
@Sensor_Pose(not sensor model):
0 0 0.8 4e-06 -0 -1e-06
@Object_Pose:
socket_1:0.004416 -0.061069 0.044608 2.94042 0.016879 0.084932
socket_2:0.07416 -0.037209 0.0424 -8e-06 -4.7e-05 -2.44934
socket_3:-0.049387 0.00821 0.037398 -1.57077 -1.47267 1.71956
socket_7:-0.033267 0.062564 0.042389 -3.14159 9.2e-05 2.27891
socket_8:0.081206 0.062512 0.042398 0.000117 2.1e-05 -1.55073
ground_plane:0 0 0 0 0 0
depth_sensor:0 0 0.8 -3e-06 1.57079 1.57079
table:-0.4 0.4 -0.35 0 0 0
smalltable:0 0.3 -0.35 0 0 0
fixer_ar07:-0.5 0 0 0 0 0
ar6aixs:-0.5 -0 0 -0 -0 0
box:0 0 0 0 0 0
result_visualize_socket:-0.049302 0.008196 0.037491 -1.57017 0.081862 1.71899

[5]
@Object_Recognized:socket
@Closest_Object:socket_8
@Error Euler (degree):0.109791 -0.269292 101.269
@Error Quaternion Axis:0.003136 -0.00097 0.999995
@Error Quaternion Angle (degree):101.269
@Error Translation:-8.1e-05 0.0004 0.000134
@Error Translation Length:0.000429262
@Estimate_result:
0.976585 -0.215095 -0.00416392 0.0816083 
0.215085 0.976592 -0.00279922 0.0626022 
0.00466827 0.00183821 0.999988 0.0425333 
0 0 0 1 
@Sensor_Pose(not sensor model):
0 0 0.8 4e-06 -0 -1e-06
@Object_Pose:
socket_1:0.004465 -0.061137 0.044503 2.95241 0.018481 0.085425
socket_2:0.074157 -0.037214 0.0424 1.8e-05 -4e-06 -2.44906
socket_7:-0.033264 0.062557 0.042399 3.14156 -0.000106 2.27961
socket_8:0.08121 0.062513 0.042399 -1.6e-05 -8.3e-05 -1.55069
ground_plane:0 0 0 0 0 0
depth_sensor:0 0 0.8 -3e-06 1.57079 1.57079
table:-0.4 0.4 -0.35 0 0 0
smalltable:0 0.3 -0.35 0 0 0
fixer_ar07:-0.5 0 0 0 0 0
ar6aixs:-0.5 -0 0 -0 -0 0
box:0 0 0 0 0 0
result_visualize_socket:0.081608 0.062602 0.042533 0.001838 -0.004668 0.216781

[6]
@Object_Recognized:socket
@Closest_Object:socket_0
@Error Euler (degree):-0.439071 0.362909 -27.7829
@Error Quaternion Axis:-0.012324 0.016634 -0.999786
@Error Quaternion Angle (degree):27.7871
@Error Translation:2.8e-05 -0.000151 0.000421
@Error Translation Length:0.000448237
@Estimate_result:
-0.943001 0.12547 -0.308232 -0.0857414 
0.211529 -0.489047 -0.846221 -0.0542506 
-0.256916 -0.863187 0.434631 0.0458586 
0 0 0 1 
@Sensor_Pose(not sensor model):
0 0 0.8 4e-06 -0 -1e-06
@Object_Pose:
socket_0:-0.085509 -0.053974 0.045592 -0.967139 0.67591 -3.07932
socket_1:-0.045098 -0.021534 0.038835 -1.93903 1.0357 2.7258
socket_2:0.018107 -0.06244 0.040413 -2.03003 -0.630229 -1.2796
socket_3:-0.080236 0.037954 0.037399 -1.57084 -0.491643 -1.53035
socket_4:-0.000549 -0.020146 0.03746 1.57115 -0.028487 -0.384155
socket_5:0.056329 0.007109 0.037395 1.57084 -0.491149 -0.170092
socket_6:-0.035092 0.02245 0.041677 2.21261 -0.76125 1.71936
socket_7:0.013938 0.016082 0.044211 2.98748 0.034964 -0.049097
socket_8:0.084614 0.042106 0.0424 3.14159 -4.2e-05 1.23082
ground_plane:0 0 0 0 0 0
depth_sensor:0 0 0.8 -3e-06 1.57079 1.57079
table:-0.4 0.4 -0.35 0 0 0
smalltable:0 0.3 -0.35 0 0 0
fixer_ar07:-0.5 0 0 0 0 0
ar6aixs:-0.500001 0 -0 1e-06 5e-06 2.3e-05
box:0 0 0 0 0 0
result_visualize_socket:-0.14 1 2 0 0 0

